# /motor_sim/joint_states/header/stamp,pos from gazebo, /debug/motorPositionIn0P/header/stamp,pos measured by eeros,,dt,dpos,dt,dpos
0.001,0,0.001,0,,,,,
0.002,0,0.002,0,,0.001,0,0.001,0
0.003,0,0.003,0,,0.001,0,0.001,0
0.004,0,0.004,0,,0.001,0,0.001,0
0.005,0,0.005,0,,0.001,0,0.001,0
0.006,0,0.006,0,,0.001,0,0.001,0
0.007,0,0.007,0,,0.001,0,0.001,0
0.008,0,0.008,0,,0.001,0,0.001,0
0.009,0,0.009,0,,0.001,0,0.001,0
0.01,0,0.01,0,,0.001,0,0.001,0
0.011,0,0.011,0,,0.001,0,0.001,0
0.012,0.0006392268,0.012,0,,0.001,0.0006392268,0.001,0
0.013,0.0019173662,0.013,0.0006392268,,0.001,0.0012781394,0.001,0.0006392268
0.014,0.0034333861,0.014,0.0019173662,,0.001,0.0015160199,0.001,0.0012781394
0.015,0.0047866488,0.015,0.0034333861,,0.001,0.0013532627,0.001,0.0015160199
0.016,0.0058281119,0.016,0.0047866488,,0.001,0.0010414632,0.001,0.0013532627
0.017,0.0066599578,0.017,0.0058281119,,0.001,0.0008318459,0.001,0.0010414632
0.018,0.0074777502,0.018,0.0066599578,,0.001,0.0008177923,0.001,0.0008318459
0.019,0.0084129005,0.019,0.0074777502,,0.001,0.0009351503,0.001,0.0008177923
0.02,0.009474161,0.02,0.0084129005,,0.001,0.0010612605,0.001,0.0009351503
0.021,0.0105879005,0.021,0.009474161,,0.001,0.0011137395,0.001,0.0010612605
0.022,0.0116742809,0.022,0.0105879005,,0.001,0.0010863804,0.001,0.0011137395
0.023,0.0127004177,0.023,0.0116742809,,0.001,0.0010261368,0.001,0.0010863804
0.024,0.0136834913,0.024,0.0127004177,,0.001,0.0009830736,0.001,0.0010261368
0.025,0.0146612885,0.025,0.0136834913,,0.001,0.0009777971,0.001,0.0009830736
0.026,0.0156608071,0.026,0.0146612885,,0.001,0.0009995186,0.001,0.0009777971
0.027,0.0166853442,0.027,0.0156608071,,0.001,0.0010245371,0.001,0.0009995186
0.028,0.0177212708,0.028,0.0166853442,,0.001,0.0010359266,0.001,0.0010245371
0.029,0.0187528978,0.029,0.0177212708,,0.001,0.001031627,0.001,0.0010359266
0.03,0.0197730873,0.03,0.0187528978,,0.001,0.0010201895,0.001,0.001031627
0.031,0.0207845404,0.031,0.0197730873,,0.001,0.0010114531,0.001,0.0010201895
0.032,0.0217944314,0.032,0.0207845404,,0.001,0.0010098909,0.001,0.0010114531
0.033,0.0228082375,0.033,0.0217944314,,0.001,0.0010138061,0.001,0.0010098909
0.034,0.0238269362,0.034,0.0228082375,,0.001,0.0010186987,0.001,0.0010138061
0.035,0.0248480708,0.035,0.0238269362,,0.001,0.0010211346,0.001,0.0010186987
0.036,0.025868573,0.036,0.0248480708,,0.001,0.0010205022,0.001,0.0010211346
0.037,0.0268869161,0.037,0.025868573,,0.001,0.0010183431,0.001,0.0010205022
0.038,0.0279034977,0.038,0.0268869161,,0.001,0.0010165815,0.001,0.0010183431
0.039,0.028919672,0.039,0.0279034977,,0.001,0.0010161743,0.001,0.0010165815
0.04,0.0299365436,0.04,0.028919672,,0.001,0.0010168716,0.001,0.0010161743
0.041,0.0309543674,0.041,0.0299365436,,0.001,0.0010178238,0.001,0.0010168716
0.042,0.0319727059,0.042,0.0309543674,,0.001,0.0010183385,0.001,0.0010178238
0.043,0.0329909618,0.043,0.0319727059,,0.001,0.0010182559,0.001,0.0010183385
0.044,0.0340088126,0.044,0.0329909618,,0.001,0.0010178508,0.001,0.0010182559
0.045,0.0350263103,0.045,0.0340088126,,0.001,0.0010174977,0.001,0.0010178508
0.046,0.0360437089,0.046,0.0350263103,,0.001,0.0010173986,0.001,0.0010174977
0.047,0.03706123,0.047,0.0360437089,,0.001,0.001017521,0.001,0.0010173986
0.048,0.0380789355,0.048,0.03706123,,0.001,0.0010177055,0.001,0.001017521
0.049,0.0390967486,0.049,0.0380789355,,0.001,0.0010178131,0.001,0.0010177055
0.05,0.0401145536,0.05,0.0390967486,,0.001,0.001017805,0.001,0.0010178131
0.051,0.0411322832,0.051,0.0401145536,,0.001,0.0010177295,0.001,0.001017805
0.052,0.0421499423,0.052,0.0411322832,,0.001,0.0010176591,0.001,0.0010177295
0.053,0.0431675784,0.053,0.0421499423,,0.001,0.0010176361,0.001,0.0010176591
0.054,0.0441852356,0.054,0.0431675784,,0.001,0.0010176572,0.001,0.0010176361
0.055,0.0452029283,0.055,0.0441852356,,0.001,0.0010176928,0.001,0.0010176572
0.056,0.0462206434,0.056,0.0452029283,,0.001,0.0010177151,0.001,0.0010176928
0.057,0.0472383585,0.057,0.0462206434,,0.001,0.0010177151,0.001,0.0010177151
0.058,0.0482560596,0.058,0.0472383585,,0.001,0.0010177011,0.001,0.0010177151
0.059,0.0492737467,0.059,0.0472383585,,0.001,0.0010176872,0.001,0
0.06,0.0508997914,0.06,0.0492737467,,0.001,0.0016260446,0.001,0.0020353883
0.061,0.0525255362,0.061,0.0508997914,,0.001,0.0016257448,0.001,0.0016260446
0.062,0.0537696192,0.062,0.0525255362,,0.001,0.001244083,0.001,0.0016257448
0.063,0.054632416,0.063,0.0537696192,,0.001,0.0008627967,0.001,0.001244083
0.064,0.0553533696,0.064,0.054632416,,0.001,0.0007209536,0.001,0.0008627967
0.065,0.0561715702,0.065,0.0553533696,,0.001,0.0008182006,0.001,0.0007209536
0.066,0.0571758885,0.066,0.0553533696,,0.001,0.0010043183,0.001,0
0.067,0.0587834838,0.067,0.0571758885,,0.001,0.0016075953,0.001,0.0018225189
0.068,0.06045751,0.068,0.0571758885,,0.001,0.0016740262,0.001,0
0.069,0.0627333412,0.069,0.06045751,,0.001,0.0022758312,0.001,0.0032816215
0.07,0.0646179349,0.07,0.0627333412,,0.001,0.0018845936,0.001,0.0022758312
0.071,0.0657134021,0.071,0.0646179349,,0.001,0.0010954672,0.001,0.0018845936
0.072,0.0662653892,0.072,0.0657134021,,0.001,0.0005519871,0.001,0.0010954672
0.073,0.0667688501,0.073,0.0662653892,,0.001,0.0005034609,0.001,0.0005519871
0.074,0.067564505,0.074,0.0667688501,,0.001,0.000795655,0.001,0.0005034609
0.075,0.0686826305,0.075,0.067564505,,0.001,0.0011181254,0.001,0.000795655
0.076,0.0699398975,0.076,0.0686826305,,0.001,0.0012572671,0.001,0.0011181254
0.077,0.0711340878,0.077,0.0699398975,,0.001,0.0011941903,0.001,0.0012572671
0.078,0.0721780075,0.078,0.0711340878,,0.001,0.0010439196,0.001,0.0011941903
0.079,0.0731112717,0.079,0.0721780075,,0.001,0.0009332643,0.001,0.0010439196
0.08,0.0740281366,0.08,0.0731112717,,0.001,0.0009168649,0.001,0.0009332643
0.081,0.0749979776,0.081,0.0740281366,,0.001,0.000969841,0.001,0.0009168649
0.082,0.0760310493,0.082,0.0749979776,,0.001,0.0010330716,0.001,0.000969841
0.083,0.0770941108,0.083,0.0760310493,,0.001,0.0010630615,0.001,0.0010330716
0.084,0.0781475095,0.084,0.0770941108,,0.001,0.0010533987,0.001,0.0010630615
0.085,0.0791724501,0.085,0.0781475095,,0.001,0.0010249406,0.001,0.0010533987
0.086,0.080175004,0.086,0.0791724501,,0.001,0.001002554,0.001,0.0010249406
0.087,0.0811730221,0.087,0.080175004,,0.001,0.0009980181,0.001,0.001002554
0.088,0.0821805402,0.088,0.0811730221,,0.001,0.0010075181,0.001,0.0009980181
0.089,0.0832003973,0.089,0.0821805402,,0.001,0.001019857,0.001,0.0010075181
0.09,0.0842266317,0.09,0.0821805402,,0.001,0.0010262344,0.001,0
0.091,0.0858393151,0.091,0.0842266317,,0.001,0.0016126834,0.001,0.0020460914
0.092,0.0874483506,0.092,0.0842266317,,0.001,0.0016090355,0.001,0
0.093,0.0896422657,0.093,0.0874483506,,0.001,0.0021939151,0.001,0.0032217189
0.094,0.0914637594,0.094,0.0896422657,,0.001,0.0018214937,0.001,0.0021939151
0.095,0.0925475094,0.095,0.0914637594,,0.001,0.00108375,0.001,0.0018214937
0.096,0.0931273411,0.096,0.0925475094,,0.001,0.0005798317,0.001,0.00108375
0.097,0.0936659784,0.097,0.0931273411,,0.001,0.0005386373,0.001,0.0005798317
0.098,0.0944793374,0.098,0.0936659784,,0.001,0.000813359,0.001,0.0005386373
0.099,0.095593107,0.099,0.0944793374,,0.001,0.0011137696,0.001,0.000813359
0.1,0.0968349222,0.1,0.095593107,,0.001,0.0012418152,0.001,0.0011137696
0.101,0.0980163989,0.101,0.0968349222,,0.001,0.0011814768,0.001,0.0012418152
0.102,0.0990572979,0.102,0.0980163989,,0.001,0.0010408989,0.001,0.0011814768
0.103,0.0999955129,0.103,0.0990572979,,0.001,0.0009382151,0.001,0.0010408989
0.104,0.1009192199,0.104,0.0999955129,,0.001,0.000923707,0.001,0.0009382151
0.105,0.1018927963,0.105,0.1009192199,,0.001,0.0009735764,0.001,0.000923707
0.106,0.1029253124,0.106,0.1018927963,,0.001,0.0010325161,0.001,0.0009735764
0.107,0.1039854772,0.107,0.1029253124,,0.001,0.0010601648,0.001,0.0010325161
0.108,0.105036329,0.108,0.1039854772,,0.001,0.0010508518,0.001,0.0010601648
0.109,0.10606054,0.109,0.105036329,,0.001,0.001024211,0.001,0.0010508518
0.11,0.1070639614,0.11,0.10606054,,0.001,0.0010034214,0.001,0.001024211
0.111,0.1080633041,0.111,0.1070639614,,0.001,0.0009993426,0.001,0.0010034214
0.112,0.1090716025,0.112,0.1080633041,,0.001,0.0010082984,0.001,0.0009993426
0.113,0.1100914092,0.113,0.1090716025,,0.001,0.0010198067,0.001,0.0010082984
0.114,0.1111171043,0.114,0.1100914092,,0.001,0.0010256951,0.001,0.0010198067
0.115,0.1121414707,0.115,0.1111171043,,0.001,0.0010243664,0.001,0.0010256951
0.116,0.1131608176,0.116,0.1121414707,,0.001,0.001019347,0.001,0.0010243664
0.117,0.1141759806,0.117,0.1131608176,,0.001,0.001015163,0.001,0.001019347
0.118,0.1151901082,0.118,0.1141759806,,0.001,0.0010141276,0.001,0.001015163
0.119,0.1162058239,0.119,0.1151901082,,0.001,0.0010157156,0.001,0.0010141276
0.12,0.1172237758,0.12,0.1162058239,,0.001,0.0010179519,0.001,0.0010157156
0.121,0.1182429674,0.121,0.1172237758,,0.001,0.0010191916,0.001,0.0010179519
0.122,0.1192597796,0.122,0.1182429674,,0.001,0.0010168122,0.001,0.0010191916
0.123,0.1202734364,0.123,0.1192597796,,0.001,0.0010136568,0.001,0.0010168122
0.124,0.1212854309,0.124,0.1202734364,,0.001,0.0010119946,0.001,0.0010136568
0.125,0.1222977422,0.125,0.1212854309,,0.001,0.0010123112,0.001,0.0010119946
0.126,0.1233114119,0.126,0.1222977422,,0.001,0.0010136697,0.001,0.0010123112
0.127,0.124326241,0.127,0.1233114119,,0.001,0.0010148291,0.001,0.0010136697
0.128,0.1253413772,0.128,0.124326241,,0.001,0.0010151362,0.001,0.0010148291
0.129,0.1263560937,0.129,0.1253413772,,0.001,0.0010147165,0.001,0.0010151362
0.13,0.1273701981,0.13,0.1263560937,,0.001,0.0010141044,0.001,0.0010147165
0.131,0.1283839539,0.131,0.1273701981,,0.001,0.0010137557,0.001,0.0010141044
0.132,0.1293977448,0.132,0.1283839539,,0.001,0.001013791,0.001,0.0010137557
0.133,0.1304117896,0.133,0.1293977448,,0.001,0.0010140448,0.001,0.001013791
0.134,0.1314260659,0.134,0.1304117896,,0.001,0.0010142763,0.001,0.0010140448
0.135,0.1324404146,0.135,0.1314260659,,0.001,0.0010143487,0.001,0.0010142763
0.136,0.1334546905,0.136,0.1324404146,,0.001,0.0010142759,0.001,0.0010143487
0.137,0.1344688483,0.137,0.1334546905,,0.001,0.0010141577,0.001,0.0010142759
0.138,0.1354829336,0.138,0.1344688483,,0.001,0.0010140853,0.001,0.0010141577
0.139,0.1364970205,0.139,0.1354829336,,0.001,0.001014087,0.001,0.0010140853
0.14,0.1375111546,0.14,0.1364970205,,0.001,0.0010141341,0.001,0.001014087
0.141,0.1385253347,0.141,0.1375111546,,0.001,0.0010141801,0.001,0.0010141341
0.142,0.1395395312,0.142,0.1385253347,,0.001,0.0010141966,0.001,0.0010141801
0.143,0.1405537154,0.143,0.1395395312,,0.001,0.0010141842,0.001,0.0010141966
0.144,0.1415678769,0.144,0.1405537154,,0.001,0.0010141615,0.001,0.0010141842
0.145,0.1425820235,0.145,0.1415678769,,0.001,0.0010141466,0.001,0.0010141615
0.146,0.1435961694,0.146,0.1425820235,,0.001,0.0010141459,0.001,0.0010141466
0.147,0.144610324,0.147,0.1435961694,,0.001,0.0010141546,0.001,0.0010141459
0.148,0.1456244877,0.148,0.144610324,,0.001,0.0010141637,0.001,0.0010141546
0.149,0.146638655,0.149,0.1456244877,,0.001,0.0010141673,0.001,0.0010141637
0.15,0.1476528203,0.15,0.146638655,,0.001,0.0010141653,0.001,0.0010141673
0.151,0.1486669813,0.151,0.1476528203,,0.001,0.001014161,0.001,0.0010141653
0.152,0.1496811392,0.152,0.1486669813,,0.001,0.0010141579,0.001,0.001014161
0.153,0.1506952968,0.153,0.1496811392,,0.001,0.0010141576,0.001,0.0010141579
0.154,0.151709456,0.154,0.1506952968,,0.001,0.0010141592,0.001,0.0010141576
0.155,0.152723617,0.155,0.151709456,,0.001,0.001014161,0.001,0.0010141592
0.156,0.1537377788,0.156,0.152723617,,0.001,0.0010141618,0.001,0.001014161
0.157,0.1547519403,0.157,0.1537377788,,0.001,0.0010141615,0.001,0.0010141618
0.158,0.155766101,0.158,0.1547519403,,0.001,0.0010141607,0.001,0.0010141615
0.159,0.1567802611,0.159,0.155766101,,0.001,0.0010141601,0.001,0.0010141607
0.16,0.157794421,0.16,0.1567802611,,0.001,0.00101416,0.001,0.0010141601
0.161,0.1588085813,0.161,0.157794421,,0.001,0.0010141603,0.001,0.00101416
0.162,0.1598227419,0.162,0.1588085813,,0.001,0.0010141606,0.001,0.0010141603
0.163,0.1608369027,0.163,0.1598227419,,0.001,0.0010141608,0.001,0.0010141606
0.164,0.1618510635,0.164,0.1608369027,,0.001,0.0010141608,0.001,0.0010141608
0.165,0.1628652241,0.165,0.1618510635,,0.001,0.0010141606,0.001,0.0010141608
0.166,0.1638786152,0.166,0.1628652241,,0.001,0.0010133911,0.001,0.0010141606
0.167,0.1648912374,0.167,0.1638786152,,0.001,0.0010126222,0.001,0.0010133911
0.168,0.1659035733,0.168,0.1648912374,,0.001,0.0010123359,0.001,0.0010126222
0.169,0.1669161052,0.169,0.1659035733,,0.001,0.0010125319,0.001,0.0010123359
0.17,0.1679290124,0.17,0.1669161052,,0.001,0.0010129072,0.001,0.0010125319
0.171,0.1689421718,0.171,0.1679290124,,0.001,0.0010131595,0.001,0.0010129072
0.172,0.1699553482,0.172,0.1689421718,,0.001,0.0010131764,0.001,0.0010131595
0.173,0.1709683833,0.173,0.1699553482,,0.001,0.0010130351,0.001,0.0010131764
0.174,0.1719812667,0.174,0.1709683833,,0.001,0.0010128833,0.001,0.0010130351
0.175,0.1729940869,0.175,0.1719812667,,0.001,0.0010128202,0.001,0.0010128833
0.176,0.1740069391,0.176,0.1729940869,,0.001,0.0010128522,0.001,0.0010128202
0.177,0.1750198629,0.177,0.1740069391,,0.001,0.0010129238,0.001,0.0010128522
0.178,0.1760328383,0.178,0.1750198629,,0.001,0.0010129753,0.001,0.0010129238
0.179,0.1770458202,0.179,0.1760328383,,0.001,0.0010129819,0.001,0.0010129753
0.18,0.1780587764,0.18,0.1770458202,,0.001,0.0010129562,0.001,0.0010129819
0.181,0.1790717028,0.181,0.1780587764,,0.001,0.0010129264,0.001,0.0010129562
0.182,0.1800846156,0.182,0.1790717028,,0.001,0.0010129127,0.001,0.0010129264
0.183,0.1810975333,0.183,0.1800846156,,0.001,0.0010129178,0.001,0.0010129127
0.184,0.1821104647,0.184,0.1810975333,,0.001,0.0010129314,0.001,0.0010129178
0.185,0.1831234065,0.185,0.1821104647,,0.001,0.0010129418,0.001,0.0010129314
0.186,0.1841363503,0.186,0.1831234065,,0.001,0.0010129437,0.001,0.0010129418
0.187,0.1851492894,0.187,0.1841363503,,0.001,0.0010129391,0.001,0.0010129437
0.188,0.1861622227,0.188,0.1851492894,,0.001,0.0010129333,0.001,0.0010129391
0.189,0.187175153,0.189,0.1861622227,,0.001,0.0010129304,0.001,0.0010129333
0.19,0.1881880842,0.19,0.187175153,,0.001,0.0010129311,0.001,0.0010129304
0.191,0.1892010179,0.191,0.1881880842,,0.001,0.0010129337,0.001,0.0010129311
0.192,0.1902139537,0.192,0.1892010179,,0.001,0.0010129358,0.001,0.0010129337
0.193,0.19122689,0.193,0.1902139537,,0.001,0.0010129363,0.001,0.0010129358
0.194,0.1922398255,0.194,0.19122689,,0.001,0.0010129355,0.001,0.0010129363
0.195,0.1932527598,0.195,0.1922398255,,0.001,0.0010129344,0.001,0.0010129355
0.196,0.1942656936,0.196,0.1932527598,,0.001,0.0010129338,0.001,0.0010129344
0.197,0.1952786274,0.197,0.1942656936,,0.001,0.0010129339,0.001,0.0010129338
0.198,0.1962915618,0.198,0.1952786274,,0.001,0.0010129344,0.001,0.0010129339
0.199,0.1973044966,0.199,0.1962915618,,0.001,0.0010129348,0.001,0.0010129344
0.2,0.1983174315,0.2,0.1973044966,,0.001,0.0010129349,0.001,0.0010129348
0.201,0.1993303663,0.201,0.1983174315,,0.001,0.0010129348,0.001,0.0010129349
0.202,0.2003433008,0.202,0.1993303663,,0.001,0.0010129346,0.001,0.0010129348
0.203,0.2013562353,0.203,0.2003433008,,0.001,0.0010129344,0.001,0.0010129346
0.204,0.2023691697,0.204,0.2013562353,,0.001,0.0010129345,0.001,0.0010129344
0.205,0.2033821043,0.205,0.2023691697,,0.001,0.0010129346,0.001,0.0010129345
0.206,0.2043950389,0.206,0.2033821043,,0.001,0.0010129347,0.001,0.0010129346
0.207,0.2054079736,0.207,0.2043950389,,0.001,0.0010129347,0.001,0.0010129347
0.208,0.2064209083,0.208,0.2054079736,,0.001,0.0010129347,0.001,0.0010129347
0.209,0.2074338429,0.209,0.2064209083,,0.001,0.0010129346,0.001,0.0010129347
0.21,0.2084467775,0.21,0.2074338429,,0.001,0.0010129346,0.001,0.0010129346
0.211,0.2094597122,0.211,0.2084467775,,0.001,0.0010129346,0.001,0.0010129346
0.212,0.2104726468,0.212,0.2094597122,,0.001,0.0010129347,0.001,0.0010129346
0.213,0.2114855815,0.213,0.2104726468,,0.001,0.0010129347,0.001,0.0010129347
0.214,0.2124985162,0.214,0.2114855815,,0.001,0.0010129347,0.001,0.0010129347
0.215,0.2135114509,0.215,0.2124985162,,0.001,0.0010129347,0.001,0.0010129347
0.216,0.2145243856,0.216,0.2135114509,,0.001,0.0010129347,0.001,0.0010129347
0.217,0.2155373203,0.217,0.2145243856,,0.001,0.0010129347,0.001,0.0010129347
0.218,0.216550255,0.218,0.2155373203,,0.001,0.0010129347,0.001,0.0010129347
0.219,0.2175631897,0.219,0.216550255,,0.001,0.0010129347,0.001,0.0010129347
0.22,0.2185761244,0.22,0.2175631897,,0.001,0.0010129347,0.001,0.0010129347
0.221,0.2195890592,0.221,0.2185761244,,0.001,0.0010129347,0.001,0.0010129347
0.222,0.2206010995,0.222,0.2195890592,,0.001,0.0010120404,0.001,0.0010129347
0.223,0.2216122459,0.223,0.2206010995,,0.001,0.0010111464,0.001,0.0010120404
0.224,0.2226230595,0.224,0.2216122459,,0.001,0.0010108136,0.001,0.0010111464
0.225,0.2236341008,0.225,0.2226230595,,0.001,0.0010110413,0.001,0.0010108136
0.226,0.2246455784,0.226,0.2236341008,,0.001,0.0010114776,0.001,0.0010110413
0.227,0.2256573493,0.227,0.2246455784,,0.001,0.0010117709,0.001,0.0010114776
0.228,0.2266691399,0.228,0.2256573493,,0.001,0.0010117906,0.001,0.0010117709
0.229,0.2276807662,0.229,0.2266691399,,0.001,0.0010116264,0.001,0.0010117906
0.23,0.2286922161,0.23,0.2276807662,,0.001,0.0010114499,0.001,0.0010116264
0.231,0.2297035926,0.231,0.2286922161,,0.001,0.0010113765,0.001,0.0010114499
0.232,0.2307150064,0.232,0.2297035926,,0.001,0.0010114137,0.001,0.0010113765
0.233,0.2317265033,0.233,0.2307150064,,0.001,0.001011497,0.001,0.0010114137
0.234,0.2327380602,0.234,0.2307150064,,0.001,0.0010115568,0.001,0
0.235,0.2342390805,0.235,0.2327380602,,0.001,0.0015010203,0.001,0.0020230538
0.236,0.2357398491,0.236,0.2342390805,,0.001,0.0015007686,0.001,0.0015010203
0.237,0.2369335131,0.237,0.2357398491,,0.001,0.001193664,0.001,0.0015007686
0.238,0.2378203811,0.238,0.2369335131,,0.001,0.000886868,0.001,0.001193664
0.239,0.2385931214,0.239,0.2378203811,,0.001,0.0007727403,0.001,0.000886868
0.24,0.239444114,0.24,0.2385931214,,0.001,0.0008509926,0.001,0.0007727403
0.241,0.2404448649,0.241,0.239444114,,0.001,0.0010007508,0.001,0.0008509926
0.242,0.2415462455,0.242,0.2404448649,,0.001,0.0011013807,0.001,0.0010007508
0.243,0.2426543263,0.243,0.2415462455,,0.001,0.0011080807,0.001,0.0011013807
0.244,0.2437060211,0.244,0.2426543263,,0.001,0.0010516948,0.001,0.0011080807
0.245,0.2446971575,0.245,0.2437060211,,0.001,0.0009911365,0.001,0.0010516948
0.246,0.2456631126,0.246,0.2446971575,,0.001,0.000965955,0.001,0.0009911365
0.247,0.2466418613,0.247,0.2456631126,,0.001,0.0009787488,0.001,0.000965955
0.248,0.2476491832,0.248,0.2466418613,,0.001,0.0010073219,0.001,0.0009787488
0.249,0.2486770441,0.249,0.2476491832,,0.001,0.0010278609,0.001,0.0010073219
0.25,0.249707522,0.25,0.2486770441,,0.001,0.0010304779,0.001,0.0010278609
0.251,0.2507277401,0.251,0.249707522,,0.001,0.0010202181,0.001,0.0010304779
0.252,0.251736063,0.252,0.2507277401,,0.001,0.0010083229,0.001,0.0010202181
0.253,0.2527389281,0.253,0.251736063,,0.001,0.0010028651,0.001,0.0010083229
0.254,0.2537437951,0.254,0.2527389281,,0.001,0.0010048669,0.001,0.0010028651
0.255,0.2547540842,0.255,0.2537437951,,0.001,0.0010102891,0.001,0.0010048669
0.256,0.2557685379,0.256,0.2547540842,,0.001,0.0010144537,0.001,0.0010102891
0.257,0.2567837552,0.257,0.2557685379,,0.001,0.0010152173,0.001,0.0010144537
0.258,0.2577971249,0.258,0.2557685379,,0.001,0.0010133697,0.001,0
0.259,0.2592842518,0.259,0.2577971249,,0.001,0.0014871269,0.001,0.002028587
0.26,0.2607693997,0.26,0.2592842518,,0.001,0.0014851479,0.001,0.0014871269
0.261,0.2619561602,0.261,0.2607693997,,0.001,0.0011867605,0.001,0.0014851479
0.262,0.2628459206,0.262,0.2619561602,,0.001,0.0008897604,0.001,0.0011867605
0.263,0.2636258796,0.263,0.2619561602,,0.001,0.000779959,0.001,0
0.264,0.2648758317,0.264,0.2628459206,,0.001,0.0012499521,0.001,0.0008897604
0.265,0.2662019886,0.265,0.2648758317,,0.001,0.0013261569,0.001,0.0020299111
0.266,0.2675258305,0.266,0.2662019886,,0.001,0.001323842,0.001,0.0013261569
0.267,0.2686522732,0.267,0.2662019886,,0.001,0.0011264426,0.001,0
0.268,0.2702458769,0.268,0.2686522732,,0.001,0.0015936037,0.001,0.0024502846
0.269,0.2717052727,0.269,0.2686522732,,0.001,0.0014593958,0.001,0
0.27,0.2736301298,0.27,0.2717052727,,0.001,0.0019248571,0.001,0.0030529995
0.271,0.2752317016,0.271,0.2717052727,,0.001,0.0016015718,0.001,0
0.272,0.2772967509,0.272,0.2752317016,,0.001,0.0020650493,0.001,0.0035264289
0.273,0.2788900547,0.273,0.2752317016,,0.001,0.0015933037,0.001,0
0.274,0.2809446294,0.274,0.2788900547,,0.001,0.0020545747,0.001,0.0036583531
0.275,0.2824861135,0.275,0.2788900547,,0.001,0.0015414841,0.001,0
0.276,0.2844866008,0.276,0.2824861135,,0.001,0.0020004872,0.001,0.0035960588
0.277,0.2859935494,0.277,0.2844866008,,0.001,0.0015069486,0.001,0.0020004872
0.278,0.2868802852,0.278,0.2844866008,,0.001,0.0008867358,0.001,0
0.279,0.2882228379,0.279,0.2868802852,,0.001,0.0013425527,0.001,0.0023936845
0.28,0.2894490468,0.28,0.2882228379,,0.001,0.0012262089,0.001,0.0013425527
0.281,0.2904676263,0.281,0.2882228379,,0.001,0.0010185795,0.001,0
0.282,0.2919396156,0.282,0.2904676263,,0.001,0.0014719893,0.001,0.0022447884
0.283,0.2933418675,0.283,0.2904676263,,0.001,0.0014022519,0.001,0
0.284,0.2951959333,0.284,0.2919396156,,0.001,0.0018540658,0.001,0.0014719893
0.285,0.2967609202,0.285,0.2951959333,,0.001,0.0015649868,0.001,0.0032563177
0.286,0.2979390706,0.286,0.2951959333,,0.001,0.0011781505,0.001,0
0.287,0.2995661812,0.287,0.2967609202,,0.001,0.0016271106,0.001,0.0015649868
0.288,0.3008460262,0.288,0.2995661812,,0.001,0.0012798449,0.001,0.0028052611
0.289,0.3018805538,0.289,0.3008460262,,0.001,0.0010345277,0.001,0.0012798449
0.29,0.3027468565,0.29,0.3008460262,,0.001,0.0008663027,0.001,0
0.291,0.3040587308,0.291,0.3027468565,,0.001,0.0013118743,0.001,0.0019008303
0.292,0.3054087563,0.292,0.3027468565,,0.001,0.0013500256,0.001,0
0.293,0.3072029241,0.293,0.3040587308,,0.001,0.0017941677,0.001,0.0013118743
0.294,0.308808415,0.294,0.3054087563,,0.001,0.001605491,0.001,0.0013500256
0.295,0.3102014057,0.295,0.308808415,,0.001,0.0013929906,0.001,0.0033996587
0.296,0.3111627158,0.296,0.308808415,,0.001,0.0009613101,0.001,0
0.297,0.3125645594,0.297,0.3111627158,,0.001,0.0014018436,0.001,0.0023543008
0.298,0.3138623746,0.298,0.3125645594,,0.001,0.0012978152,0.001,0.0014018436
0.299,0.314915357,0.299,0.3138623746,,0.001,0.0010529825,0.001,0.0012978152
0.3,0.3157888403,0.3,0.314915357,,0.001,0.0008734833,0.001,0.0010529825
0.301,0.3166363932,0.301,0.3157888403,,0.001,0.0008475528,0.001,0.0008734833
0.302,0.3175705526,0.302,0.3166363932,,0.001,0.0009341594,0.001,0.0008475528
0.303,0.3186075313,0.303,0.3175705526,,0.001,0.0010369787,0.001,0.0009341594
0.304,0.3196929869,0.304,0.3175705526,,0.001,0.0010854556,0.001,0
0.305,0.3212134222,0.305,0.3186075313,,0.001,0.0015204353,0.001,0.0010369787
0.306,0.3227176415,0.306,0.3196929869,,0.001,0.0015042193,0.001,0.0010854556
0.307,0.3241752637,0.307,0.3212134222,,0.001,0.0014576222,0.001,0.0015204353
0.308,0.325313632,0.308,0.3227176415,,0.001,0.0011383683,0.001,0.0015042193
0.309,0.3261430688,0.309,0.3241752637,,0.001,0.0008294368,0.001,0.0014576222
0.31,0.3266929367,0.31,0.3261430688,,0.001,0.0005498679,0.001,0.0019678052
0.311,0.327260338,0.311,0.3266929367,,0.001,0.0005674013,0.001,0.0005498679
0.312,0.3281173514,0.312,0.327260338,,0.001,0.0008570134,0.001,0.0005674013
0.313,0.3292528432,0.313,0.327260338,,0.001,0.0011354918,0.001,0
0.314,0.3308172158,0.314,0.3292528432,,0.001,0.0015643726,0.001,0.0019925052
0.315,0.3323908812,0.315,0.3292528432,,0.001,0.0015736654,0.001,0
0.316,0.3343919629,0.316,0.3323908812,,0.001,0.0020010816,0.001,0.003138038
0.317,0.3360430676,0.317,0.3323908812,,0.001,0.0016511048,0.001,0
0.318,0.3381195834,0.318,0.3343919629,,0.001,0.0020765158,0.001,0.0020010816
0.319,0.3395752343,0.319,0.3360430676,,0.001,0.0014556509,0.001,0.0016511048
0.32,0.3406297185,0.32,0.3381195834,,0.001,0.0010544842,0.001,0.0020765158
0.321,0.3410165517,0.321,0.3406297185,,0.001,0.0003868332,0.001,0.0025101351
0.321,0.3412195161,0.322,0.3410165517,,0,0.0002029644,0.001,0.0003868332
0.323,0.3417829801,0.323,0.3412195161,,0.002,0.000563464,0.001,0.0002029644
0.324,0.3427354879,0.324,0.3417829801,,0.001,0.0009525078,0.001,0.000563464
0.325,0.3441140126,0.325,0.3427354879,,0.001,0.0013785247,0.001,0.0009525078
0.326,0.3454978494,0.326,0.3441140126,,0.001,0.0013838368,0.001,0.0013785247
0.327,0.3466199348,0.327,0.3454978494,,0.001,0.0011220854,0.001,0.0013838368
0.328,0.3474770673,0.328,0.3466199348,,0.001,0.0008571324,0.001,0.0011220854
0.329,0.3482334635,0.329,0.3474770673,,0.001,0.0007563963,0.001,0.0008571324
0.33,0.3490552666,0.33,0.3482334635,,0.001,0.0008218031,0.001,0.0007563963
0.331,0.3500055937,0.331,0.3490552666,,0.001,0.0009503271,0.001,0.0008218031
0.332,0.3510433795,0.332,0.3500055937,,0.001,0.0010377858,0.001,0.0009503271
0.333,0.3520880121,0.333,0.3510433795,,0.001,0.0010446326,0.001,0.0010377858
0.334,0.353084662,0.334,0.3520880121,,0.001,0.0009966499,0.001,0.0010446326
0.335,0.3540290606,0.335,0.353084662,,0.001,0.0009443987,0.001,0.0009966499
0.336,0.3549513132,0.336,0.3540290606,,0.001,0.0009222526,0.001,0.0009443987
0.337,0.3558841857,0.337,0.3540290606,,0.001,0.0009328725,0.001,0
0.338,0.3571977632,0.338,0.3558841857,,0.001,0.0013135775,0.001,0.001855125
0.339,0.3585323226,0.339,0.3558841857,,0.001,0.0013345594,0.001,0
0.34,0.3602462265,0.34,0.3585323226,,0.001,0.001713904,0.001,0.0026481369
0.341,0.3617323544,0.341,0.3585323226,,0.001,0.0014861279,0.001,0
0.342,0.3635960922,0.342,0.3602462265,,0.001,0.0018637379,0.001,0.001713904
0.343,0.3649876008,0.343,0.3635960922,,0.001,0.0013915085,0.001,0.0033498657
0.343,0.3659315421,0.344,0.3635960922,,0,0.0009439413,0.001,0
0.345,0.3672501857,0.345,0.3659315421,,0.002,0.0013186436,0.001,0.0023354498
0.346,0.3677072335,0.346,0.3672501857,,0.001,0.0004570478,0.001,0.0013186436
0.347,0.3683538388,0.347,0.3672501857,,0.001,0.0006466053,0.001,0
0.348,0.3693730019,0.348,0.3683538388,,0.001,0.0010191631,0.001,0.0011036531
0.349,0.3706488325,0.349,0.3693730019,,0.001,0.0012758307,0.001,0.0010191631
0.35,0.3718882412,0.35,0.3693730019,,0.001,0.0012394087,0.001,0
0.351,0.3734985855,0.351,0.3718882412,,0.001,0.0016103443,0.001,0.0025152393
0.352,0.3749228599,0.352,0.3734985855,,0.001,0.0014242745,0.001,0.0016103443
0.353,0.3759400404,0.353,0.3734985855,,0.001,0.0010171804,0.001,0
0.354,0.3773256794,0.354,0.3759400404,,0.001,0.0013856391,0.001,0.0024414549
0.355,0.3785484861,0.355,0.3759400404,,0.001,0.0012228067,0.001,0
0.356,0.3801381199,0.356,0.3785484861,,0.001,0.0015896337,0.001,0.0026084458
0.357,0.3815124794,0.357,0.3801381199,,0.001,0.0013743596,0.001,0.0015896337
0.358,0.3824927525,0.358,0.3801381199,,0.001,0.0009802731,0.001,0
0.359,0.3838373403,0.359,0.3824927525,,0.001,0.0013445877,0.001,0.0023546327
0.36,0.3850463293,0.36,0.3824927525,,0.001,0.0012089891,0.001,0
0.361,0.3866180445,0.361,0.3838373403,,0.001,0.0015717152,0.001,0.0013445877
0.362,0.3879491905,0.362,0.3866180445,,0.001,0.001331146,0.001,0.0027807042
0.363,0.3890111967,0.363,0.3866180445,,0.001,0.0010620062,0.001,0
0.364,0.3904334153,0.364,0.3879491905,,0.001,0.0014222186,0.001,0.001331146
0.365,0.3916235645,0.365,0.3904334153,,0.001,0.0011901492,0.001,0.0024842248
0.366,0.3926375717,0.366,0.3904334153,,0.001,0.0010140072,0.001,0
0.367,0.3940094231,0.367,0.3926375717,,0.001,0.0013718514,0.001,0.0022041564
0.368,0.3952928276,0.368,0.3940094231,,0.001,0.0012834045,0.001,0.0013718514
0.369,0.3963187136,0.369,0.3952928276,,0.001,0.001025886,0.001,0.0012834045
0.37,0.3971426532,0.37,0.3963187136,,0.001,0.0008239395,0.001,0.001025886
0.371,0.3979261785,0.371,0.3971426532,,0.001,0.0007835253,0.001,0.0008239395
0.372,0.3987959054,0.372,0.3979261785,,0.001,0.0008697269,0.001,0.0007835253
0.373,0.3997771264,0.373,0.3987959054,,0.001,0.0009812211,0.001,0.0008697269
0.374,0.4008157488,0.374,0.3997771264,,0.001,0.0010386224,0.001,0.0009812211
0.375,0.401841851,0.375,0.4008157488,,0.001,0.0010261022,0.001,0.0010386224
0.376,0.4028194554,0.376,0.401841851,,0.001,0.0009776044,0.001,0.0010261022
0.377,0.4037564346,0.377,0.401841851,,0.001,0.0009369792,0.001,0
0.378,0.4050441442,0.378,0.4028194554,,0.001,0.0012877096,0.001,0.0009776044
0.379,0.4063214783,0.379,0.4037564346,,0.001,0.0012773342,0.001,0.0009369792
0.38,0.4076139093,0.38,0.4063214783,,0.001,0.001292431,0.001,0.0025650438
0.38,0.4087048162,0.381,0.4076139093,,0,0.0010909069,0.001,0.001292431
0.382,0.4095880862,0.382,0.4087048162,,0.002,0.00088327,0.001,0.0010909069
0.383,0.4108184947,0.383,0.4095880862,,0.001,0.0012304085,0.001,0.00088327
0.384,0.4123745439,0.384,0.4095880862,,0.001,0.0015560492,0.001,0
0.385,0.4142761632,0.385,0.4108184947,,0.001,0.0019016193,0.001,0.0012304085
0.386,0.4160086278,0.386,0.4142761632,,0.001,0.0017324647,0.001,0.0034576685
0.387,0.4172595684,0.387,0.4160086278,,0.001,0.0012509406,0.001,0.0017324647
0.388,0.4180269456,0.388,0.4172595684,,0.001,0.0007673772,0.001,0.0012509406
0.389,0.4186128544,0.389,0.4180269456,,0.001,0.0005859088,0.001,0.0007673772
0.39,0.4193205199,0.39,0.4186128544,,0.001,0.0007076655,0.001,0.0005859088
0.391,0.4202636409,0.391,0.4193205199,,0.001,0.000943121,0.001,0.0007076655
0.392,0.421365775,0.392,0.4202636409,,0.001,0.0011021341,0.001,0.000943121
0.393,0.4224792418,0.393,0.421365775,,0.001,0.0011134669,0.001,0.0011021341
0.394,0.423504354,0.394,0.4224792418,,0.001,0.0010251121,0.001,0.0011134669
0.395,0.4244340505,0.395,0.423504354,,0.001,0.0009296965,0.001,0.0010251121
0.396,0.4253237661,0.396,0.4244340505,,0.001,0.0008897156,0.001,0.0009296965
0.397,0.4262333344,0.397,0.4253237661,,0.001,0.0009095683,0.001,0.0008897156
0.398,0.4271878089,0.398,0.4262333344,,0.001,0.0009544745,0.001,0.0009095683
0.399,0.4281747223,0.399,0.4271878089,,0.001,0.0009869134,0.001,0.0009544745
0.4,0.4291659079,0.4,0.4281747223,,0.001,0.0009911856,0.001,0.0009869134
0.401,0.4301410283,0.401,0.4291659079,,0.001,0.0009751204,0.001,0.0009911856
0.402,0.4310974132,0.402,0.4301410283,,0.001,0.000956385,0.001,0.0009751204
0.403,0.432045143,0.403,0.4310974132,,0.001,0.0009477297,0.001,0.000956385
0.404,0.4329959665,0.404,0.432045143,,0.001,0.0009508235,0.001,0.0009477297
0.405,0.4339553081,0.405,0.4329959665,,0.001,0.0009593416,0.001,0.0009508235
0.406,0.4349212243,0.406,0.4339553081,,0.001,0.0009659161,0.001,0.0009593416
0.407,0.4358883718,0.407,0.4349212243,,0.001,0.0009671476,0.001,0.0009659161
0.408,0.4368526288,0.408,0.4358883718,,0.001,0.000964257,0.001,0.0009671476
0.409,0.4378132247,0.409,0.4368526288,,0.001,0.0009605959,0.001,0.000964257
0.41,0.4387719733,0.41,0.4378132247,,0.001,0.0009587486,0.001,0.0009605959
0.411,0.4397311706,0.411,0.4387719733,,0.001,0.0009591973,0.001,0.0009587486
0.412,0.4406919744,0.412,0.4397311706,,0.001,0.0009608038,0.001,0.0009591973
0.413,0.4416541027,0.413,0.4406919744,,0.001,0.0009621283,0.001,0.0009608038
0.414,0.4426165477,0.414,0.4416541027,,0.001,0.000962445,0.001,0.0009621283
0.415,0.443578479,0.415,0.4416541027,,0.001,0.0009619313,0.001,0
0.416,0.444930977,0.416,0.443578479,,0.001,0.001352498,0.001,0.0019243763
0.417,0.446347538,0.417,0.444930977,,0.001,0.001416561,0.001,0.001352498
0.418,0.4475834533,0.418,0.444930977,,0.001,0.0012359153,0.001,0
0.419,0.4492077465,0.419,0.4475834533,,0.001,0.0016242932,0.001,0.0026524763
0.42,0.4506677538,0.42,0.4492077465,,0.001,0.0014600073,0.001,0.0016242932
0.421,0.4517767114,0.421,0.4506677538,,0.001,0.0011089577,0.001,0.0014600073
0.422,0.4526343713,0.422,0.4517767114,,0.001,0.0008576599,0.001,0.0011089577
0.423,0.4534609227,0.423,0.4526343713,,0.001,0.0008265514,0.001,0.0008576599
0.424,0.4544139141,0.424,0.4534609227,,0.001,0.0009529914,0.001,0.0008265514
0.425,0.4555127848,0.425,0.4544139141,,0.001,0.0010988706,0.001,0.0009529914
0.426,0.4566782002,0.426,0.4555127848,,0.001,0.0011654155,0.001,0.0010988706
0.427,0.4578186793,0.427,0.4566782002,,0.001,0.0011404791,0.001,0.0011654155
0.428,0.4588925186,0.428,0.4578186793,,0.001,0.0010738393,0.001,0.0011404791
0.429,0.459915383,0.429,0.4588925186,,0.001,0.0010228644,0.001,0.0010738393
0.43,0.4609290727,0.43,0.459915383,,0.001,0.0010136897,0.001,0.0010228644
0.431,0.4619655472,0.431,0.4609290727,,0.001,0.0010364745,0.001,0.0010136897
0.432,0.4630305469,0.432,0.4619655472,,0.001,0.0010649996,0.001,0.0010364745
0.433,0.4641097742,0.433,0.4630305469,,0.001,0.0010792274,0.001,0.0010649996
0.434,0.4651853406,0.434,0.4641097742,,0.001,0.0010755664,0.001,0.0010792274
0.435,0.4662483287,0.435,0.4651853406,,0.001,0.0010629881,0.001,0.0010755664
0.436,0.4673010396,0.436,0.4662483287,,0.001,0.001052711,0.001,0.0010629881
0.437,0.4683513636,0.437,0.4673010396,,0.001,0.001050324,0.001,0.001052711
0.438,0.4694057443,0.438,0.4683513636,,0.001,0.0010543807,0.001,0.001050324
0.439,0.4704656761,0.439,0.4694057443,,0.001,0.0010599318,0.001,0.0010543807
0.44,0.4715286131,0.44,0.4704656761,,0.001,0.001062937,0.001,0.0010599318
0.441,0.4725910741,0.441,0.4715286131,,0.001,0.001062461,0.001,0.001062937
0.442,0.4736511753,0.442,0.4725910741,,0.001,0.0010601012,0.001,0.001062461
0.443,0.4747092164,0.443,0.4736511753,,0.001,0.0010580411,0.001,0.0010601012
0.444,0.4757666776,0.444,0.4747092164,,0.001,0.0010574612,0.001,0.0010580411
0.445,0.4768248507,0.445,0.4757666776,,0.001,0.0010581731,0.001,0.0010574612
0.446,0.4778840989,0.446,0.4768248507,,0.001,0.0010592482,0.001,0.0010581731
0.447,0.4789439753,0.447,0.4778840989,,0.001,0.0010598764,0.001,0.0010592482
0.448,0.4800038058,0.448,0.4789439753,,0.001,0.0010598305,0.001,0.0010598764
0.449,0.4810631965,0.449,0.4800038058,,0.001,0.0010593907,0.001,0.0010598305
0.45,0.4821221764,0.45,0.4810631965,,0.001,0.0010589799,0.001,0.0010593907
0.451,0.4831810214,0.451,0.4821221764,,0.001,0.0010588451,0.001,0.0010589799
0.452,0.4842399892,0.452,0.4831810214,,0.001,0.0010589678,0.001,0.0010588451
0.453,0.4852991642,0.453,0.4842399892,,0.001,0.001059175,0.001,0.0010589678
0.454,0.4863584693,0.454,0.4852991642,,0.001,0.0010593051,0.001,0.001059175
0.455,0.4874177747,0.455,0.4863584693,,0.001,0.0010593054,0.001,0.0010593051
0.456,0.4884769987,0.456,0.4874177747,,0.001,0.001059224,0.001,0.0010593054
0.457,0.4895361412,0.457,0.4884769987,,0.001,0.0010591425,0.001,0.001059224
0.458,0.4905952534,0.458,0.4895361412,,0.001,0.0010591121,0.001,0.0010591425
0.459,0.4916543862,0.459,0.4905952534,,0.001,0.0010591328,0.001,0.0010591121
0.46,0.4927135587,0.46,0.4916543862,,0.001,0.0010591725,0.001,0.0010591328
0.461,0.493772758,0.461,0.4927135587,,0.001,0.0010591993,0.001,0.0010591725
0.462,0.4948319591,0.462,0.493772758,,0.001,0.0010592011,0.001,0.0010591993
0.463,0.4958911453,0.463,0.4948319591,,0.001,0.0010591862,0.001,0.0010592011
0.464,0.4969503155,0.464,0.4958911453,,0.001,0.0010591701,0.001,0.0010591862
0.465,0.4980094789,0.465,0.4969503155,,0.001,0.0010591634,0.001,0.0010591701
0.466,0.4990686457,0.466,0.4980094789,,0.001,0.0010591668,0.001,0.0010591634
0.467,0.5001278201,0.467,0.4990686457,,0.001,0.0010591744,0.001,0.0010591668
0.468,0.501187,0.468,0.5001278201,,0.001,0.0010591799,0.001,0.0010591744
0.469,0.5022461806,0.469,0.501187,,0.001,0.0010591806,0.001,0.0010591799
0.47,0.5033053585,0.47,0.5022461806,,0.001,0.0010591779,0.001,0.0010591806
0.471,0.5043645332,0.471,0.5033053585,,0.001,0.0010591747,0.001,0.0010591779
0.472,0.5054237065,0.472,0.5033053585,,0.001,0.0010591733,0.001,0
0.473,0.5068313431,0.473,0.5043645332,,0.001,0.0014076367,0.001,0.0010591747
0.474,0.5082388091,0.474,0.5068313431,,0.001,0.0014074659,0.001,0.0024668099
0.475,0.5095368831,0.475,0.5082388091,,0.001,0.001298074,0.001,0.0014074659
0.476,0.5106165038,0.476,0.5095368831,,0.001,0.0010796207,0.001,0.001298074
0.477,0.511546354,0.477,0.5106165038,,0.001,0.0009298502,0.001,0.0010796207
0.478,0.5124634512,0.478,0.511546354,,0.001,0.0009170972,0.001,0.0009298502
0.479,0.5134616897,0.479,0.511546354,,0.001,0.0009982384,0.001,0
0.48,0.5148032554,0.48,0.5134616897,,0.001,0.0013415657,0.001,0.0019153357
0.481,0.5162083154,0.481,0.5148032554,,0.001,0.00140506,0.001,0.0013415657
0.482,0.517436181,0.482,0.5162083154,,0.001,0.0012278656,0.001,0.00140506
0.483,0.5184471361,0.483,0.5162083154,,0.001,0.0010109551,0.001,0
0.484,0.5197984897,0.484,0.5184471361,,0.001,0.0013513536,0.001,0.0022388207
0.485,0.5211119399,0.485,0.5197984897,,0.001,0.0013134502,0.001,0.0013513536
0.486,0.5222421049,0.486,0.5211119399,,0.001,0.001130165,0.001,0.0013134502
0.487,0.5232128356,0.487,0.5222421049,,0.001,0.0009707308,0.001,0.001130165
0.488,0.5241391082,0.488,0.5232128356,,0.001,0.0009262725,0.001,0.0009707308
0.489,0.5251208903,0.489,0.5232128356,,0.001,0.0009817822,0.001,0
0.49,0.5264386944,0.49,0.5251208903,,0.001,0.0013178041,0.001,0.0019080547
0.491,0.5278222867,0.491,0.5264386944,,0.001,0.0013835923,0.001,0.0013178041
0.492,0.5290435909,0.492,0.5278222867,,0.001,0.0012213042,0.001,0.0013835923
0.493,0.5300614454,0.493,0.5290435909,,0.001,0.0010178546,0.001,0.0012213042
0.494,0.5309776854,0.494,0.5300614454,,0.001,0.00091624,0.001,0.0010178546
0.495,0.531919899,0.495,0.5309776854,,0.001,0.0009422136,0.001,0.00091624
0.496,0.5329517736,0.496,0.531919899,,0.001,0.0010318746,0.001,0.0009422136
0.497,0.5340569827,0.497,0.5329517736,,0.001,0.0011052091,0.001,0.0010318746
0.498,0.5351792837,0.498,0.5340569827,,0.001,0.0011223011,0.001,0.0011052091
0.499,0.5362726965,0.499,0.5340569827,,0.001,0.0010934127,0.001,0
0.5,0.5376952783,0.5,0.5362726965,,0.001,0.0014225818,0.001,0.0022157138
0.501,0.5390871644,0.501,0.5376952783,,0.001,0.0013918861,0.001,0.0014225818
0.502,0.5402510753,0.502,0.5390871644,,0.001,0.001163911,0.001,0.0013918861
0.503,0.5412063657,0.503,0.5402510753,,0.001,0.0009552904,0.001,0.001163911
0.504,0.5420960509,0.504,0.5402510753,,0.001,0.0008896852,0.001,0
0.505,0.5433111225,0.505,0.5420960509,,0.001,0.0012150716,0.001,0.0018449756
0.506,0.5446118044,0.506,0.5433111225,,0.001,0.0013006818,0.001,0.0012150716
0.507,0.5458146397,0.507,0.5446118044,,0.001,0.0012028354,0.001,0.0013006818
0.508,0.5468660095,0.508,0.5458146397,,0.001,0.0010513698,0.001,0.0012028354
0.509,0.5478273259,0.509,0.5468660095,,0.001,0.0009613165,0.001,0.0010513698
0.51,0.548793584,0.51,0.5478273259,,0.001,0.0009662581,0.001,0.0009613165
0.511,0.5498212338,0.511,0.548793584,,0.001,0.0010276498,0.001,0.0009662581
0.512,0.5509071473,0.512,0.5498212338,,0.001,0.0010859135,0.001,0.0010276498
0.513,0.5520128107,0.513,0.5509071473,,0.001,0.0011056635,0.001,0.0010859135
0.514,0.5531016901,0.514,0.5520128107,,0.001,0.0010888794,0.001,0.0011056635
0.515,0.5541614128,0.515,0.5531016901,,0.001,0.0010597227,0.001,0.0010888794
0.516,0.5552025148,0.516,0.5541614128,,0.001,0.001041102,0.001,0.0010597227
0.517,0.5562432829,0.517,0.5552025148,,0.001,0.0010407681,0.001,0.001041102
0.518,0.5572953903,0.518,0.5562432829,,0.001,0.0010521074,0.001,0.0010407681
0.519,0.5583590406,0.519,0.5572953903,,0.001,0.0010636503,0.001,0.0010521074
0.52,0.5594271199,0.52,0.5583590406,,0.001,0.0010680793,0.001,0.0010636503
