# /motor_sim/effort/header/stamp, /motor_sim/effort/effort/0, /debug/posToVel0/header/stamp, /debug/posToVel0/fluid_pressure
0.0010000000000000000208, 0, 0.0010000000000000000208, 0
0.0020000000000000000416, 0, 0.0020000000000000000416, 0
0.0030000000000000000625, 0, 0.0030000000000000000625, 0
0.0040000000000000000833, 0, 0.0040000000000000000833, 0
0.0050000000000000001041, 0, 0.0050000000000000001041, 0
0.0060000000000000001249, 0, 0.0060000000000000001249, 0
0.0070000000000000001457, 0, 0.0070000000000000001457, 0
0.0080000000000000001665, 0, 0.0080000000000000001665, 0
0.0090000000000000010547, 0, 0.0090000000000000010547, 0
0.010000000000000000208, 0, 0.010000000000000000208, 0
0.011000000000000001096, 0.2742474999999999774, 0.011000000000000001096, 0
0.01200000000000000025, 0.2742474999999999774, 0.01200000000000000025, 0
0.013000000000000001138, 0.10232744175400226849, 0.013000000000000001138, 0.63922683861683482487
0.014000000000000000291, -0.069508082907246304671, 0.014000000000000000291, 1.2781393675673780042
0.01500000000000000118, -0.1334860458888443846, 0.01500000000000000118, 1.5160198768873187625
0.016000000000000000333, -0.089712496512411296634, 0.016000000000000000333, 1.3532626752645893209
0.017000000000000001221, -0.0058540149029096041206, 0.017000000000000001221, 1.0414631526414188656
0.018000000000000002109, 0.050522536894651359773, 0.018000000000000002109, 0.83184593086205105283
0.018999999999999999528, 0.054302248822547603824, 0.018999999999999999528, 0.81779234496171182567
0.020000000000000000416, 0.022738818654974807948, 0.020000000000000000416, 0.93515033034030559111
0.021000000000000001305, -0.011503047511069397491, 0.021000000000000001305, 1.0612605311299807553
0.022000000000000002193, -0.025617262226682153969, 0.022000000000000002193, 1.1137394852687156899
0.023000000000000003081, -0.018259032743739744831, 0.023000000000000003081, 1.0863803869867212359
0.0240000000000000005, -0.0020565155376279010448, 0.0240000000000000005, 1.0261367833201964217
0.025000000000000001388, 0.0095253168859147901298, 0.025000000000000001388, 0.98307363989746843203
0.026000000000000002276, 0.010944436301769831441, 0.026000000000000002276, 0.97779712227019555115
0.027000000000000003164, 0.0051024482811770025675, 0.027000000000000003164, 0.99951858730307463485
0.028000000000000000583, -0.0016262860191488595889, 0.028000000000000000583, 1.0245371197452604051
0.029000000000000001471, -0.0046894944969271823432, 0.029000000000000001471, 1.0359266288650905707
0.030000000000000002359, -0.0035330961684960303891, 0.030000000000000002359, 1.03162695112413072
0.031000000000000003247, -0.00045700639879621250553, 0.031000000000000003247, 1.0201895472583570879
0.032000000000000000666, 0.001892648091654113799, 0.032000000000000000666, 1.0114531483349500363
0.033000000000000001554, 0.0023128099479816084487, 0.033000000000000001554, 1.0098909179712114437
0.034000000000000002442, 0.0012598145985969972163, 0.034000000000000002442, 1.0138061265578803827
0.035000000000000003331, -5.6055331063531872162e-05, 0.035000000000000003331, 1.018698745742340428
0.036000000000000004219, -0.00071117921588089751117, 0.036000000000000004219, 1.0211346032802373074
0.037000000000000005107, -0.00054109124739799743364, 0.037000000000000005107, 1.0205021884504068552
0.037999999999999999056, 3.9595111397249920784e-05, 0.037999999999999999056, 1.0183431017845014921
0.038999999999999999944, 0.00051337000788599326286, 0.038999999999999999944, 1.0165815293863280644
0.040000000000000000833, 0.00062289045214159962684, 0.040000000000000000833, 1.0161743144978521158
0.041000000000000001721, 0.00043535603658869612706, 0.041000000000000001721, 1.0168715980656264364
0.042000000000000002609, 0.0001792562579260854438, 0.042000000000000002609, 1.0178238188451862456
0.043000000000000003497, 4.0842291581044248274e-05, 0.043000000000000003497, 1.0183384645650042089
0.044000000000000004385, 6.3038485379683184637e-05, 0.044000000000000004385, 1.0182559354934346274
0.045000000000000005274, 0.00017199112547471262459, 0.045000000000000005274, 1.0178508317935088812
0.046000000000000006162, 0.00026697442234419012028, 0.046000000000000006162, 1.0174976683918748321
0.047000000000000000111, 0.00029360944169786140591, 0.047000000000000000111, 1.0173986350423538383
0.048000000000000000999, 0.00026068686625187973424, 0.048000000000000000999, 1.0175210465517272596
0.049000000000000001887, 0.00021108207386139009039, 0.049000000000000001887, 1.0177054852666946871
0.050000000000000002776, 0.00018213867335522504975, 0.050000000000000002776, 1.0178131015541316273
0.051000000000000003664, 0.00018430424249976605218, 0.051000000000000003664, 1.0178050496145720771
0.052000000000000004552, 0.00020461129684846515752, 0.052000000000000004552, 1.0177295446718366279
0.05300000000000000544, 0.00022354935808425134818, 0.05300000000000000544, 1.0176591298689521281
0.054000000000000006328, 0.00022974658098496813477, 0.054000000000000006328, 1.0176360875826508945
0.055000000000000000278, 0.00022406742166122215485, 0.055000000000000000278, 1.0176572036240107977
0.056000000000000001166, 0.0002145046820629099404, 0.056000000000000001166, 1.0176927594507381158
0.057000000000000002054, 0.00020850532697632662648, 0.057000000000000002054, 1.0177150660322089593
0.058000000000000002942, 0.00020850213942050731513, 0.058000000000000002942, 1.0177150778840617917
0.05900000000000000383, 0.2612182158229774398, 0.05900000000000000383, 0.047238358480615083579
0.060000000000000004718, 0.0002141358182649810097, 0.060000000000000004718, 1.0176941309465474816
0.061000000000000005607, -0.1634017330721186656, 0.061000000000000005607, 1.6260446380682564982
0.062000000000000006495, -0.16332109666372524037, 0.062000000000000006495, 1.6257448187397811612
0.063000000000000000444, -0.060673163939306620773, 0.063000000000000000444, 1.2440830499187416347
0.064000000000000001332, 0.04187379019189099022, 0.064000000000000001332, 0.86279673598976736049
0.06500000000000000222, 0.080022505633952800697, 0.06500000000000000222, 0.72095358506185580616
0.066000000000000003109, 0.25903568359041029279, 0.066000000000000003109, 0.055353369570286581336
0.067000000000000003997, 0.028839743202455130067, 0.067000000000000003997, 0.91125945020964416177
0.068000000000000004885, 0.25854551713214252162, 0.068000000000000004885, 0.057175888470705871214
0.069000000000000005773, -0.16737308010472742859, 0.069000000000000005773, 1.6408107545680101769
0.070000000000000006661, -0.33816183567517721364, 0.070000000000000006661, 2.2758312251776025015
0.07100000000000000755, -0.23293848859899238257, 0.07100000000000000755, 1.8845936454185956421
0.072000000000000008438, -0.020702943252124701018, 0.072000000000000008438, 1.0954672451699707381
0.073000000000000009326, 0.12546604894359181248, 0.073000000000000009326, 0.55198707340675623456
0.074000000000000010214, 0.13851716530459221022, 0.074000000000000010214, 0.50346089247721392823
0.075000000000000011102, 0.059931569009505088197, 0.075000000000000011102, 0.79565496682221170666
0.075999999999999998113, -0.026796865561838918712, 0.075999999999999998113, 1.1181254430123734878
0.076999999999999999001, -0.064219002373260267169, 0.076999999999999999001, 1.2572670559940479773
0.077999999999999999889, -0.047254512370077418615, 0.077999999999999999889, 1.1941903130932007837
0.079000000000000000777, -0.0068392078509224791052, 0.079000000000000000777, 1.0439196140072928287
0.080000000000000001665, 0.022921549686149681607, 0.080000000000000001665, 0.93326425971440507556
0.081000000000000002554, 0.027332169341099148835, 0.081000000000000002554, 0.91686485590347566177
0.082000000000000003442, 0.013084222920415410074, 0.082000000000000003442, 0.96984104635033840935
0.08300000000000000433, -0.0039216467640730392, 0.08300000000000000433, 1.0330716456605761877
0.084000000000000005218, -0.011987419713736190835, 0.084000000000000005218, 1.0630615060422945461
0.085000000000000006106, -0.0093886061228776740428, 0.085000000000000006106, 1.0533986929139862454
0.086000000000000006994, -0.0017348071001587086863, 0.086000000000000006994, 1.0249406188380651983
0.087000000000000007883, 0.004286086812046719513, 0.087000000000000007883, 1.0025539524978330785
0.088000000000000008771, 0.0055060135271212890321, 0.088000000000000008771, 0.9980180658457618037
0.089000000000000009659, 0.0029509667657954589091, 0.089000000000000009659, 1.007518146757923283
0.090000000000000010547, 0.25182051603746069546, 0.090000000000000010547, 0.082180540244945810002
0.091000000000000011435, -0.0012251741083633253555, 0.091000000000000011435, 1.0230457201885192475
0.092000000000000012323, 0.25127021974457131037, 0.092000000000000012323, 0.084226631685322850274
0.092999999999999999334, -0.1593176762817885006, 0.092999999999999999334, 1.6108594482919778024
0.094000000000000000222, -0.31613049773108697904, 0.094000000000000000222, 2.1939151145842199497
0.09500000000000000111, -0.21596777022162144677, 0.09500000000000000111, 1.8214937444058760807
0.096000000000000001998, -0.017551579278412408891, 0.096000000000000001998, 1.0837499595268687003
0.097000000000000002887, 0.11797723605314966444, 0.097000000000000002887, 0.57983170211262036187
0.098000000000000003775, 0.1290564700823423061, 0.098000000000000003775, 0.5386373015578977963
0.099000000000000004663, 0.055170066656225723312, 0.099000000000000004663, 0.81335900977919017851
0.10000000000000000555, -0.025625353909269860814, 0.10000000000000000555, 1.1137695714653608192
0.10100000000000000644, -0.060063219378532775594, 0.10100000000000000644, 1.2418151764821405703
0.10200000000000000733, -0.043835206420011721407, 0.10200000000000000733, 1.1814767754465538285
0.10300000000000000822, -0.0060267941209504920577, 0.10300000000000000822, 1.040898927151103992
0.1040000000000000091, 0.021590034198674546567, 0.1040000000000000091, 0.93821505163660301463
0.10500000000000000999, 0.025491984579581666165, 0.10500000000000000999, 0.9237069632153086518
0.10600000000000001088, 0.012079603356892076177, 0.10600000000000001088, 0.97357638586892303323
0.10700000000000001177, -0.0037722377326454671967, 0.10700000000000001177, 1.0325161184940858661
0.10800000000000001266, -0.011208347671199414206, 0.10800000000000001266, 1.0601647890222656301
0.10900000000000001354, -0.0087036169005743173333, 0.10900000000000001354, 1.050851791176476091
0.11000000000000000056, -0.0015385770103542144045, 0.11000000000000000056, 1.0242110033340514619
0.11100000000000000144, 0.0040527765401581084675, 0.11100000000000000144, 1.0034214381713359998
0.11200000000000000233, 0.0051497668899297514844, 0.11200000000000000233, 0.99934264899204006127
0.11300000000000000322, 0.0027411140582916152485, 0.11300000000000000322, 1.0082984133781272007
0.11400000000000000411, -0.00035403663830068141756, 0.11400000000000000411, 1.0198066888813519526
0.115000000000000005, -0.001937733440684319625, 0.115000000000000005, 1.0256951320952714113
0.11600000000000000588, -0.0015803681104258008455, 0.11600000000000000588, 1.024366389465568794
0.11700000000000000677, -0.00023039350248913500595, 0.11700000000000000677, 1.01934696352046128
0.11800000000000000766, 0.00089489128516809734147, 0.11800000000000000766, 1.015162971002680159
0.11900000000000000855, 0.0011733507049029431781, 0.11900000000000000855, 1.0141276134279084697
0.12000000000000000944, 0.00074625432208871248646, 0.12000000000000000944, 1.0157156274930292383
0.12100000000000001033, -0.00080619643129518393787, 0.12100000000000001033, 1.0179519104376302252
0.12200000000000001121, -0.0011396127823096989257, 0.12200000000000001121, 1.019191606853374843
0.1230000000000000121, -0.00049966781853827727748, 0.1230000000000000121, 1.0168121870215420799
0.12400000000000001299, 0.0003489728927566349676, 0.12400000000000001299, 1.0136568023355598811
0.125, 0.00079602693878828238022, 0.125, 1.011994582420959965
0.12600000000000000089, 0.00071086470396455002634, 0.12600000000000000089, 1.0123112295108418479
0.12700000000000000178, 0.00034549405348105141113, 0.12700000000000000178, 1.0136697372278282714
0.12800000000000000266, 3.3687960730996010443e-05, 0.12800000000000000266, 1.0148290831759601005
0.12900000000000000355, -4.8923109588553264661e-05, 0.12900000000000000355, 1.0151362446197955691
0.13000000000000000444, 6.3969690850426260613e-05, 0.13000000000000000444, 1.0147164907605690232
0.13100000000000000533, 0.00022859270811008368103, 0.13100000000000000533, 1.014104395511416179
0.13200000000000000622, 0.00032236323076304207414, 0.13200000000000000622, 1.0137557414022770885
0.13300000000000000711, 0.00031288749395290367311, 0.13300000000000000711, 1.0137909737384367403
0.13400000000000000799, 0.00024463218968166734399, 0.13400000000000000799, 1.0140447581008507072
0.13500000000000000888, 0.00018234912835688132883, 0.13500000000000000888, 1.0142763366891562882
0.13600000000000000977, 0.00016288305557225722371, 0.13600000000000000977, 1.0143487147251653013
0.13700000000000001066, 0.00018246905202281237229, 0.13700000000000001066, 1.0142758907933915324
0.13800000000000001155, 0.0002142468501433260114, 0.13800000000000001155, 1.0141577357529731884
0.13900000000000001243, 0.00023372953266406992735, 0.13900000000000001243, 1.0140852959592541183
0.14000000000000001332, 0.00023328035722296145966, 0.14000000000000001332, 1.0140869660668618835
0.14100000000000001421, 0.00022061667188206466337, 0.14100000000000001421, 1.0141340517160193357
0.1420000000000000151, 0.00020823934413641360312, 0.1420000000000000151, 1.0141800726408962685
0.14300000000000001599, 0.00020380525525487091479, 0.14300000000000001599, 1.0141965593071224916
0.14400000000000001688, 0.00020713098865687517539, 0.14400000000000001688, 1.0141841936874831376
0.14500000000000001776, 0.00021323328120534623632, 0.14500000000000001776, 1.0141615043677267849
0.14600000000000001865, 0.00021724629717167719925, 0.14600000000000001865, 1.0141465833193299417
0.14700000000000001954, 0.00021743049795803446331, 0.14700000000000001954, 1.0141458984307396562
0.14800000000000002043, 0.00021509748849375077084, 0.14800000000000002043, 1.0141545729407388521
0.14900000000000002132, 0.0002126487110821052406, 0.14900000000000002132, 1.0141636778948628361
0.1500000000000000222, 0.0002116622088978971025, 0.1500000000000000222, 1.0141673458710078748
0.15100000000000002309, 0.00021220983547851301988, 0.15100000000000002309, 1.0141653097059935007
0.15199999999999999623, 0.00021337416835382716994, 0.15199999999999999623, 1.0141609805263120947
0.15299999999999999711, 0.00021419319056494533476, 0.15299999999999999711, 1.0141579352680443193
0.153999999999999998, 0.00021428047188205246397, 0.153999999999999998, 1.0141576107418606156
0.15499999999999999889, 0.00021385284039116781384, 0.15499999999999999889, 1.0141592007455448865
0.15599999999999999978, 0.00021336926256591791091, 0.15599999999999999978, 1.0141609987668323001
0.15700000000000000067, 0.00021315255391769161674, 0.15700000000000000067, 1.0141618045249591873
0.15800000000000000155, 0.00021323765549507666642, 0.15800000000000000155, 1.0141614881034035633
0.15900000000000000244, 0.00021345712363407220416, 0.15900000000000000244, 1.0141606720850395718
0.16000000000000000333, 0.00021362169505802729424, 0.16000000000000000333, 1.0141600601816227467
0.16100000000000000422, 0.00021364716445075547231, 0.16100000000000000422, 1.0141599654822632814
0.16200000000000000511, 0.00021356801493634623972, 0.16200000000000000511, 1.0141602597730772217
0.163000000000000006, 0.00021347149749470728476, 0.163000000000000006, 1.0141606186406795231
0.16400000000000000688, 0.00021342320473411680536, 0.16400000000000000688, 1.0141607982010460987
0.16500000000000000777, -0.00011663910864059754129, 0.16500000000000000777, 1.0141607580589342419
0.16600000000000000866, -0.00011659948395839545281, 0.16600000000000000866, 1.014160610727897982
0.16700000000000000955, 9.0347840945343547048e-05, 0.16700000000000000955, 1.0133911467944392015
0.16800000000000001044, 0.00029716717248810597474, 0.16800000000000001044, 1.0126221587611885511
0.16900000000000001132, 0.00037415246644436137144, 0.16900000000000001132, 1.0123359148721524647
0.17000000000000001221, 0.00032144777410860256436, 0.17000000000000001221, 1.012531879521104905
0.1710000000000000131, 0.00022050708017146768516, 0.1710000000000000131, 1.0129071934974467339
0.17200000000000001399, 0.00015265403163761747198, 0.17200000000000001399, 1.0131594822073699547
0.17300000000000001488, 0.00014811050571319957789, 0.17300000000000001488, 1.013176375778384708
0.17400000000000001577, 0.0001861034333336903995, 0.17400000000000001577, 1.0130351118720062331
0.17500000000000001665, 0.00022692449309320083064, 0.17500000000000001665, 1.0128833325087063244
0.17600000000000001754, 0.00024390708223229261124, 0.17600000000000001754, 1.0128201884702638935
0.17700000000000001843, 0.00023529002121942043193, 0.17700000000000001843, 1.0128522281096499214
0.17800000000000001932, 0.00021602973067484442871, 0.17800000000000001932, 1.0129238410137011428
0.17900000000000002021, 0.00020217932766634704811, 0.17900000000000002021, 1.0129753390728515328
0.18000000000000002109, 0.00020040817077932658965, 0.18000000000000002109, 1.0129819245232587477
0.18100000000000002198, 0.00020731897811851539119, 0.18100000000000002198, 1.012956229013538767
0.18200000000000002287, 0.00021533525628325065455, 0.18200000000000002287, 1.0129264231828463139
0.18300000000000002376, 0.0002190139202417680129, 0.18300000000000002376, 1.0129127453097899192
0.18400000000000002465, 0.00021766410572920456118, 0.18400000000000002465, 1.0129177641404742971
0.18499999999999999778, 0.0002140074441231605291, 0.18499999999999999778, 1.01293136020519281
0.18599999999999999867, 0.00021119731770160088467, 0.18599999999999999867, 1.0129418087139177018
0.18699999999999999956, 0.00021067942468179845571, 0.18699999999999999956, 1.0129437343246996406
0.18800000000000000044, 0.00021192196303520603024, 0.18800000000000000044, 1.012939114364285409
0.18900000000000000133, 0.00021348711528900785723, 0.18900000000000000133, 1.0129332948727300945
0.19000000000000000222, 0.0002142711453321628442, 0.19000000000000000222, 1.0129303797210544857
0.19100000000000000311, 0.00021407219732262960997, 0.19100000000000000311, 1.0129311194422276898
0.192000000000000004, 0.00021338042365841091786, 0.192000000000000004, 1.0129336915696276478
0.19300000000000000488, 0.00021281227599283036389, 0.19300000000000000488, 1.012935804035385523
0.19400000000000000577, 0.00021267663502996868134, 0.19400000000000000577, 1.0129363083706257598
0.19500000000000000666, 0.00021289579048082218427, 0.19500000000000000666, 1.0129354935148873196
0.19600000000000000755, 0.0002131984386819891727, 0.19600000000000000755, 1.0129343682194749121
0.19700000000000000844, 0.00021336212435527144964, 0.19700000000000000844, 1.0129337596094236673
0.19800000000000000933, 0.00021333457626719409339, 0.19800000000000000933, 1.0129338620377117408
0.19900000000000001021, 0.00021320300144455692887, 0.19900000000000001021, 1.0129343512543789174
0.2000000000000000111, 0.00021308733167506099327, 0.2000000000000000111, 1.0129347813334623751
0.20100000000000001199, 0.00021305277163303281232, 0.20100000000000001199, 1.0129349098333397805
0.20200000000000001288, 0.00021308931147591758724, 0.20200000000000001288, 1.0129347739722396327
0.20300000000000001377, 0.00021314606998727513932, 0.20300000000000001377, 1.012934562934829863
0.20400000000000001465, 0.00021317846701087228632, 0.20400000000000001465, 1.012934442477408048
0.20500000000000001554, 0.00021317383998318756625, 0.20500000000000001554, 1.0129344596814522372
0.20600000000000001643, 0.00021314747887548124504, 0.20600000000000001643, 1.0129345576963535436
0.20700000000000001732, 0.00021312260452183772277, 0.20700000000000001732, 1.0129346501832605654
0.20800000000000001821, 0.00021311284119888762112, 0.20800000000000001821, 1.0129346864848889354
0.2090000000000000191, 0.00021311724940895125473, 0.2090000000000000191, 1.0129346700944443782
0.21000000000000001998, 0.00021312635009102586328, 0.21000000000000001998, 1.0129346362566229445
0.21100000000000002087, 0.00021313125731218862191, 0.21100000000000002087, 1.0129346180107736686
0.21200000000000002176, 0.00021312903170835406706, 0.21200000000000002176, 1.0129346262859320049
0.21300000000000002265, 0.00021312230568847965301, 0.21300000000000002265, 1.0129346512943717684
0.21400000000000002354, 0.00021311555363116640527, 0.21400000000000002354, 1.0129346763996229797
0.21500000000000002442, 0.00021311159713483584046, 0.21500000000000002442, 1.0129346911105221452
0.21600000000000002531, 0.00021311045053202314439, 0.21600000000000002531, 1.0129346953737785597
0.2170000000000000262, 0.00021311036167030516586, 0.2170000000000000262, 1.0129346957041809318
0.21800000000000002709, 0.00021310956740898178785, 0.21800000000000002709, 1.0129346986573741773
0.21900000000000000022, 0.00021310740677930661369, 0.21900000000000000022, 1.0129347066909479835
0.22000000000000000111, 0.00021310432170111370332, 0.22000000000000000111, 1.012934718161772274
0.221000000000000002, -0.00017062052612481633739, 0.221000000000000002, 1.0129347298786219866
0.22200000000000000289, -0.00017062316426678789854, 0.22200000000000000289, 1.0129347396876644538
0.22300000000000000377, 6.9921856057923790877e-05, 0.22300000000000000377, 1.0120403540385671803
0.22400000000000000466, 0.00031034888068155882471, 0.22400000000000000466, 1.0111464071167466372
0.22500000000000000555, 0.00039986367567917269076, 0.22500000000000000555, 1.010813576497681332
0.22600000000000000644, 0.0003386143835674190858, 0.22600000000000000644, 1.011041311363313433
0.22700000000000000733, 0.00022127882568317302917, 0.22700000000000000733, 1.0114775841199010742
0.22800000000000000822, 0.00014239542058771959411, 0.22800000000000000822, 1.0117708854959763798
0.2290000000000000091, 0.00013710457455003299148, 0.2290000000000000091, 1.0117905577251553595
0.23000000000000000999, 0.00018126526788189579044, 0.23000000000000000999, 1.0116263610591138544
0.23100000000000001088, 0.00022871955892205675246, 0.23100000000000001088, 1.0114499182591876192
0.23200000000000001177, 0.00024846569422119356603, 0.23200000000000001177, 1.0113764989050357812
0.23300000000000001266, 0.00023845260606377016049, 0.23300000000000001266, 1.0114137292012150837
0.23400000000000001354, 0.21020737411439738285, 0.23400000000000001354, 0.23071500635929798051
0.23500000000000001443, 0.00020801386409661647321, 0.23500000000000001443, 1.0115269054122846271
0.23600000000000001532, -0.13144123693289444521, 0.23600000000000001532, 1.5010203086358990809
0.23700000000000001621, -0.13137355038636583382, 0.23700000000000001621, 1.5007686390076089289
0.2380000000000000171, -0.04877775465299611507, 0.2380000000000000171, 1.19366398857678635
0.23900000000000001799, 0.033735027085942753677, 0.23900000000000001799, 0.88686799772741331527
0.24000000000000001887, 0.064429679821929361494, 0.24000000000000001887, 0.77274026864770850587
0.24100000000000001976, 0.043383703866116583858, 0.24100000000000001976, 0.85099264253063389152
0.24200000000000002065, 0.0031062355375216996189, 0.24200000000000002065, 1.000750844161401254
0.24300000000000002154, -0.023958153423127962617, 0.24300000000000002154, 1.1013806599660105334
0.24400000000000002243, -0.025760139896407900639, 0.24400000000000002243, 1.1080807398071703673
0.24500000000000002331, -0.010595143648407051584, 0.24500000000000002331, 1.0516948084147150766
0.2460000000000000242, 0.0056920255535592356386, 0.2460000000000000242, 0.99113645481008116889
0.24700000000000002509, 0.012464569480368696205, 0.24700000000000002509, 0.96595503102569946208
0.24800000000000002598, 0.0090236975256518456301, 0.24800000000000002598, 0.97874875459780152909
0.24900000000000002687, 0.0013389493068899846473, 0.24900000000000002687, 1.0073219028363658012
0.25, -0.0041850125020651057425, 0.25, 1.0278608945037950306
0.25100000000000000089, -0.0048888528219897591995, 0.25100000000000000089, 1.0304778876992761738
0.25200000000000000178, -0.0021294925741491789115, 0.25200000000000000178, 1.0202181358947006728
0.25300000000000000266, 0.0010697328017217606986, 0.25300000000000000266, 1.0083228937460821939
0.25400000000000000355, 0.0025375991396585015347, 0.25400000000000000355, 1.0028651271056778782
0.25500000000000000444, 0.0019992151561473198336, 0.25500000000000000444, 1.0048669266353718044
0.25600000000000000533, 0.00054091969295584770797, 0.25600000000000000533, 1.0102891072012445406
0.25700000000000000622, -0.00057915875902400789851, 0.25700000000000000622, 1.0144537417131607171
0.25800000000000000711, 0.20346922679970308456, 0.25800000000000000711, 0.25576853792536713428
0.25900000000000000799, -0.00053606376194105921727, 0.25900000000000000799, 1.0142935074797234662
0.26000000000000000888, -0.12770460727919719091, 0.26000000000000000888, 1.4871269096632375728
0.26100000000000000977, -0.12717234566859397793, 0.26100000000000000977, 1.4851478741153543162
0.26200000000000001066, -0.046921063606880954178, 0.26200000000000001066, 1.1867605082045418197
0.26300000000000001155, 0.20180506578025086961, 0.26300000000000001155, 0.26195616023230972047
0.26400000000000001243, 0.032957123483985870105, 0.26400000000000001243, 0.88976037029464472017
0.26500000000000001332, -0.00071411967211578288115, 0.26500000000000001332, 1.0149555484173502506
0.26600000000000001421, -0.084411715359553385341, 0.26600000000000001421, 1.3261568709213011896
0.2670000000000000151, 0.20066315024873215833, 0.2670000000000000151, 0.26620198857036037055
0.26800000000000001599, -0.057243847180564029486, 0.26800000000000001599, 1.2251423024922647453
0.26900000000000001688, 0.2000041462042215501, 0.26900000000000001688, 0.26865227317534490226
0.27000000000000001776, -0.13829393694314920382, 0.27000000000000001776, 1.526499765822196597
0.27100000000000001865, 0.19918304198018579876, 0.27100000000000001865, 0.27170527270698929811
0.27200000000000001954, -0.20195835134424197643, 0.27200000000000001954, 1.7632144503401099289
0.27300000000000002043, 0.198234608927347844, 0.27300000000000002043, 0.27523170160766952108
0.27400000000000002132, -0.21969885642348371824, 0.27400000000000002132, 1.8291765439606406662
0.2750000000000000222, 0.1972506948643514002, 0.2750000000000000222, 0.27889005469559080552
0.27600000000000002309, -0.21132183472964860549, 0.27600000000000002309, 1.7980294099437783562
0.27700000000000002398, -0.26577286725045151661, 0.27700000000000002398, 2.0004872367547203993
0.27800000000000002487, 0.19574550380241748093, 0.27800000000000002487, 0.28448660075223308752
0.27900000000000002576, -0.049632543323043586125, 0.27900000000000002576, 1.1968422323769256632
0.28000000000000002665, -0.088821371667245810344, 0.28000000000000002665, 1.3425526928498843215
0.28100000000000002753, 0.19474064281887995542, 0.28100000000000002753, 0.2882228379098368265
0.28200000000000002842, -0.029609741088942490711, 0.28200000000000002842, 1.122394185401275557
0.28300000000000002931, 0.19413690698655261535, 0.28300000000000002931, 0.29046762628063937939
0.2840000000000000302, -0.1236333559004288013, 0.2840000000000000302, 1.471989332497339209
0.28500000000000003109, -0.16563514897130982018, 0.28500000000000003109, 1.6281588549769117069
0.28600000000000003197, 0.19286522880748538378, 0.28600000000000003197, 0.29519593332309046474
0.28700000000000003286, -0.14864503493821332181, 0.28700000000000003286, 1.5649868377503026728
0.28800000000000003375, -0.10497930808876114461, 0.28800000000000003375, 1.4026305378824752701
0.28900000000000003464, -0.071956123011413977708, 0.28900000000000003464, 1.2798449454773919154
0.29000000000000003553, 0.19134563633305931574, 0.29000000000000003553, 0.30084602618208311497
0.29100000000000003642, 0.016644018219677342296, 0.29100000000000003642, 0.95041515841254220476
0.2920000000000000373, 0.19083440801934919984, 0.2920000000000000373, 0.30274685649890820116
0.29300000000000003819, -0.080570406798676816318, 0.29300000000000003819, 1.3118742586852849552
0.29400000000000003908, -0.090831205580407914368, 0.29400000000000003908, 1.3500255833989160958
0.29500000000000003997, -0.18491092480120099872, 0.29500000000000003997, 1.6998293358465572656
0.29600000000000004086, 0.18920415185706879191, 0.29600000000000004086, 0.30880841501268552207
0.29700000000000004174, -0.044336419815277181011, 0.29700000000000004174, 1.1771503807027616784
0.29800000000000004263, -0.10476765756907971405, 0.29800000000000004263, 1.4018435867031429076
0.29900000000000004352, -0.076789221658633666223, 0.29900000000000004352, 1.2978151951417149501
0.30000000000000004441, -0.010941460784547335158, 0.30000000000000004441, 1.0529824720553184747
0.3010000000000000453, 0.037334845176990857918, 0.3010000000000000453, 0.87348328647607254016
0.30200000000000004619, 0.044308837648873916626, 0.30200000000000004619, 0.8475528441191918505
0.30299999999999999156, 0.021015993188712875361, 0.30299999999999999156, 0.93415944185171106984
0.30399999999999999245, 0.18684757495284270989, 0.30399999999999999245, 0.3175705526004382051
0.30499999999999999334, -0.0066372530144293406112, 0.30499999999999999334, 1.0369787250015241042
0.30599999999999999423, -0.019675111387696477688, 0.30599999999999999423, 1.0854556105686077316
0.30699999999999999512, -0.13666289241917112252, 0.30699999999999999512, 1.5204352760509451947
0.307999999999999996, -0.13230160641896729357, 0.307999999999999996, 1.5042193028209625005
0.30899999999999999689, -0.1197693077047271154, 0.30899999999999999689, 1.4576221705873124712
0.30999999999999999778, 0.0076375767134893501539, 0.30999999999999999778, 0.98390257803027036942
0.31099999999999999867, 0.12437120833971622436, 0.31099999999999999867, 0.5498678815207820314
0.31199999999999999956, 0.11965559596940954223, 0.31199999999999999956, 0.56740129803056704727
0.31300000000000000044, 0.18424150716396123229, 0.31300000000000000044, 0.32726033802107945547
0.31400000000000000133, 0.0043160375241384088887, 0.31400000000000000133, 0.99625260290236905547
0.31500000000000000222, 0.18370562288886008173, 0.31500000000000000222, 0.32925284322688419536
0.31600000000000000311, -0.1497294848149101909, 0.31600000000000000311, 1.5690189994037582188
0.317000000000000004, 0.18286164756908077078, 0.317000000000000004, 0.33239088122569171446
0.31800000000000000488, -0.26593273270186412738, 0.31800000000000000488, 2.0010816425974891075
0.31900000000000000577, -0.17180645477616698913, 0.31900000000000000577, 1.6511047772853599813
0.32000000000000000666, -0.28622074004844622053, 0.32000000000000000666, 2.0765157654700754364
0.32100000000000000755, -0.078804448479692784657, 0.32100000000000000755, 1.2550675578300019009
0.32200000000000000844, 0.15470717826621011026, 0.32200000000000000844, 0.38683321410104520854
0.32300000000000000933, 0.1670295696079965031, 0.32300000000000000933, 0.34101655174080569566
0.32400000000000001021, 0.18297415491351087802, 0.32400000000000001021, 0.2817319809822468879
0.3250000000000000111, 0.0025689868053400130923, 0.3250000000000000111, 0.95250784306877189778
0.32600000000000001199, -0.11200824409744530863, 0.32600000000000001199, 1.3785246897048950565
0.32700000000000001288, -0.11343694583568031398, 0.32700000000000001288, 1.3838368359708739241
0.32800000000000001377, -0.043038888329591788728, 0.32800000000000001377, 1.1220853672737609585
0.32900000000000001465, 0.028220200349865026679, 0.32900000000000001465, 0.85713244413021449919
0.33000000000000001554, 0.055313196146786203222, 0.33000000000000001554, 0.75639626343892918392
0.33100000000000001643, 0.037722038471579080743, 0.33100000000000001643, 0.82180305903367589782
0.33200000000000001732, 0.0031554932813127501041, 0.33200000000000001732, 0.95032711625719823445
0.33300000000000001821, -0.020366533036128627032, 0.33300000000000001821, 1.0377858495438365694
0.3340000000000000191, -0.02220795535209929214, 0.3340000000000000191, 1.0446325582851292424
0.33500000000000001998, -0.0093030079140782526159, 0.33500000000000001998, 0.9966498572699924452
0.33600000000000002087, 0.004749944814379737125, 0.33600000000000002087, 0.94439868519913172662
0.33700000000000002176, 0.1635298553395173049, 0.33700000000000002176, 0.35402906064015216003
0.33800000000000002265, 0.0092780333709097714129, 0.33800000000000002265, 0.92756251283798640817
0.33900000000000002354, 0.16303091946386172317, 0.33900000000000002354, 0.3558841856658281344
0.34000000000000002442, -0.097362236612461433571, 0.34000000000000002442, 1.324068443246505522
0.34100000000000002531, 0.16231870304823944884, 0.34100000000000002531, 0.35853232255232114767
0.3420000000000000262, -0.20220849744918661939, 0.3420000000000000262, 1.7139039548164076709
0.34300000000000002709, -0.19172722338025888211, 0.34300000000000002709, 1.6749328669973790884
0.34400000000000002798, 0.16095680219043367876, 0.34400000000000002798, 0.36359609224113231818
0.34500000000000002887, -0.3693732635414829768, 0.34500000000000002887, 2.3354498410119695073
0.34600000000000002975, 0.081421373624075948916, 0.34600000000000002975, 0.65932179800933354841
0.34700000000000003064, 0.15997403376054428192, 0.34700000000000003064, 0.36725018567816292148
0.34800000000000003153, 0.11033222004607041999, 0.34800000000000003153, 0.55182655197105701106
0.34900000000000003242, -0.015357938213616681433, 0.34900000000000003242, 1.0191630764539985066
0.35000000000000003331, 0.15940310234882676399, 0.35000000000000003331, 0.36937300185855903578
0.35100000000000003419, -0.079490839565946200262, 0.35100000000000003419, 1.2576196719265009261
0.35200000000000003508, -0.17435611926217889356, 0.35200000000000003508, 1.6103442664467935153
0.35300000000000003597, 0.15829352663683662894, 0.35300000000000003597, 0.3734985854688588347
0.35400000000000003686, -0.069568675095548510035, 0.35400000000000003686, 1.220727444856793964
0.35500000000000003775, 0.15763689734424815581, 0.35500000000000003775, 0.37594004035857242485
0.35600000000000003864, -0.092024773580286448049, 0.35600000000000003864, 1.3042228844728487314
0.35700000000000003952, -0.16878602275344042893, 0.35700000000000003952, 1.5896337384351242328
0.35800000000000004041, 0.15650782386073808228, 0.35800000000000004041, 0.3801381198659532501
0.3590000000000000413, -0.057893255595172929406, 0.3590000000000000413, 1.1773163294064292739
0.36000000000000004219, 0.15587454540715037221, 0.36000000000000004219, 0.38249275252476611087
0.36100000000000004308, -0.10288090334907253054, 0.36100000000000004308, 1.3445877469706590812
0.36200000000000004396, -0.1151892320696490668, 0.36200000000000004396, 1.3903521222098356169
0.36300000000000004485, 0.15476504812606595163, 0.36300000000000004485, 0.38661804451615644496
0.36400000000000004574, -0.09926573738624841492, 0.36400000000000004574, 1.3311459698268623963
0.36500000000000004663, -0.075320163427905109654, 0.36500000000000004663, 1.242112417276785008
0.36600000000000004752, 0.15373890414822782846, 0.36600000000000004752, 0.3904334153205368807
0.36700000000000004841, -0.037657958140412096937, 0.36700000000000004841, 1.1020781905153311797
0.36800000000000004929, -0.11021345486483100085, 0.36800000000000004929, 1.3718513703793167036
0.36900000000000005018, -0.086425680199219659383, 0.36900000000000005018, 1.2834045413567796157
0.36999999999999999556, -0.01716607715263429243, 0.36999999999999999556, 1.0258860321670217886
0.37099999999999999645, 0.037147432581182929234, 0.37099999999999999645, 0.82393953752557458348
0.37199999999999999734, 0.048016848558463984253, 0.37199999999999999734, 0.78352527473590716234
0.37299999999999999822, 0.02483291520342582534, 0.37299999999999999822, 0.86972692320230671204
0.37399999999999999911, -0.0051534330562381198623, 0.37399999999999999911, 0.98122106062437008944
0.375, -0.020591520192255071547, 0.375, 1.0386223885143754941
0.37600000000000000089, -0.017224206475907295061, 0.37600000000000000089, 1.0261021664792471242
0.37700000000000000178, 0.15067060537316340207, 0.37700000000000000178, 0.4018418509965524521
0.37800000000000000266, -0.0041807352279472614204, 0.37800000000000000266, 0.97760441132788056251
0.37900000000000000355, 0.0067454255155512564054, 0.37900000000000000355, 0.93697916223511790168
0.38000000000000000444, -0.086188289869136180954, 0.38000000000000000444, 1.2825218853609310354
0.38100000000000000533, -0.088853337614403726796, 0.38100000000000000533, 1.2924309678865586459
0.38200000000000000622, 0.14911821029010494111, 0.38200000000000000622, 0.40761390930872387628
0.38300000000000000711, 0.13996823738122357583, 0.38300000000000000711, 0.44163500210991873951
0.38400000000000000799, 0.14858725542034006972, 0.38400000000000000799, 0.40958808618087427789
0.38500000000000000888, -0.072172393534938025783, 0.38500000000000000888, 1.2304084950125460107
0.38600000000000000977, -0.20622399859374651587, 0.38600000000000000977, 1.7288342435115551243
0.38700000000000001066, -0.20720040378140341941, 0.38700000000000001066, 1.7324646773753100693
0.38800000000000001155, -0.077694499703160974091, 0.38800000000000001155, 1.2509405871048417946
0.38900000000000001243, 0.052359877077388213007, 0.38900000000000001243, 0.76737718580144265168
0.39000000000000001332, 0.10116579610428740044, 0.39000000000000001332, 0.58590881239783898504
0.39100000000000001421, 0.06841934635819556243, 0.39100000000000001421, 0.70766545767053590232
0.3920000000000000151, 0.005093580743102333469, 0.3920000000000000151, 0.94312099072535371391
0.39300000000000001599, -0.037672991389989890498, 0.39300000000000001599, 1.1021340865910991269
0.39400000000000001688, -0.040720947529505294171, 0.39400000000000001688, 1.1134668850276687735
0.39500000000000001776, -0.016957938583848346931, 0.39500000000000001776, 1.0251121389943653739
0.39600000000000001865, 0.0087040904854355158338, 0.39600000000000001865, 0.92969652616936493406
0.39700000000000001954, 0.019456972285603696404, 0.39700000000000001954, 0.88971555647176991943
0.39800000000000002043, 0.014117577884477731584, 0.39800000000000002043, 0.90956829639043867974
0.39900000000000002132, 0.0020400498094844464296, 0.39900000000000002132, 0.95447451715635533986
0.4000000000000000222, -0.0066843884281763783425, 0.4000000000000000222, 0.98691340259104887167
0.40100000000000002309, -0.0078333900249682106298, 0.40100000000000002309, 0.99118557807642471147
0.40200000000000002398, -0.0035126603009695929122, 0.40200000000000002398, 0.97512039970126718202
0.40300000000000002487, 0.0015262296071957958538, 0.40300000000000002487, 0.95638498453798259646
0.40400000000000002576, 0.0038540665159153783027, 0.40400000000000002576, 0.94772970694467684183
0.40500000000000002665, 0.0030219832890946217267, 0.40500000000000002665, 0.95082352820074955702
0.40600000000000002753, 0.00073103549806434854966, 0.40600000000000002753, 0.95934164603317295672
0.40700000000000002842, -0.0010371719471874195698, 0.40700000000000002842, 0.96591612993446229751
0.40800000000000002931, -0.0013683642953260034044, 0.40800000000000002931, 0.96714755714449607282
0.4090000000000000302, -0.00059094284365941317141, 0.4090000000000000302, 0.96425697729074411058
0.41000000000000003109, 0.0003937128064705597676, 0.41000000000000003109, 0.96059586686081299689
0.41100000000000003197, 0.00089053398760743473616, 0.41100000000000003197, 0.95874860461453348393
0.41200000000000003286, 0.00076984968878024537167, 0.41200000000000003286, 0.95919732853655315097
0.41300000000000003375, 0.00033777664581653553009, 0.41300000000000003375, 0.96080384663643680909
0.41400000000000003464, -1.843081745103048862e-05, 0.41400000000000003464, 0.96212828412767148478
0.41500000000000003553, 0.16776677174540269299, 0.41500000000000003553, 0.44165410272201732766
0.41600000000000003642, 0.027769146350683580893, 0.41600000000000003642, 0.96218812538317788352
0.4170000000000000373, -0.077204702054608359552, 0.4170000000000000373, 1.3524980283587939578
0.41800000000000003819, 0.16688545640803201242, 0.41800000000000003819, 0.44493097700114248028
0.41900000000000003908, -0.070142108345788017898, 0.41900000000000003908, 1.3262381521408339591
0.42000000000000003997, -0.15030401025771339407, 0.42000000000000003997, 1.6242931880654496446
0.42100000000000004086, -0.10758144727889697168, 0.42100000000000004086, 1.460007275795759174
0.42200000000000004174, -0.01316665085960369401, 0.42200000000000004174, 1.1089576516303258913
0.42300000000000004263, 0.054419873837746567113, 0.42300000000000004263, 0.85765992083519571043
0.42400000000000004352, 0.062786517576732467361, 0.42400000000000004352, 0.82655137374842901909
0.42500000000000004441, 0.028780467062322748206, 0.42500000000000004441, 0.95299142027904704122
0.4260000000000000453, -0.01045374222826414394, 0.4260000000000000453, 1.0988706145180762164
0.42700000000000004619, -0.028350986695766335066, 0.42700000000000004619, 1.1654154907683167419
0.42800000000000004707, -0.021644332798360678416, 0.42800000000000004707, 1.1404790568683143004
0.42900000000000004796, -0.0037215689947394151559, 0.42900000000000004796, 1.0738392955609290524
0.43000000000000004885, 0.0099881239447044238566, 0.43000000000000004885, 1.0228644194150140478
0.43100000000000004974, 0.012455671787596850342, 0.43100000000000004974, 1.0136896737638059207
0.43200000000000005063, 0.0063276858866809721285, 0.43200000000000005063, 1.0364745255984066929
0.43300000000000005151, -0.0013441434241810374176, 0.43300000000000005151, 1.0649996392286800173
0.4340000000000000524, -0.0051706972490055897254, 0.4340000000000000524, 1.0792273909476781668
0.43500000000000005329, -0.0041860625597305353013, 0.43500000000000005329, 1.075566358453627025
0.43600000000000005418, -0.00080312673693990160699, 0.43600000000000005418, 1.0629880508767888259
0.43699999999999999956, 0.0019608981417232164771, 0.43699999999999999956, 1.0527109552134197301
0.43800000000000000044, 0.0026028714998561799758, 0.43800000000000000044, 1.0503239934802612865
0.43900000000000000133, 0.0015118186445161221725, 0.43900000000000000133, 1.0543807060860990177
0.44000000000000000222, 1.8861038376888680502e-05, 0.44000000000000000222, 1.0599317661572618121
0.44100000000000000311, -0.00078940593803045698822, 0.44100000000000000311, 1.06293703470683365
0.442000000000000004, -0.00066137314538315358, 0.442000000000000004, 1.0624609878853155109
0.44300000000000000488, -2.671899778997033112e-05, 0.44300000000000000488, 1.0601012401716394251
0.44400000000000000577, 0.00052736078122145898898, 0.44400000000000000577, 1.0580410811122922254
0.44500000000000000666, 0.00068331547667849798326, 0.44500000000000000666, 1.0574612160985088494
0.44600000000000000755, 0.00049185115427538594109, 0.44600000000000000755, 1.0581731117014205878
0.44700000000000000844, 0.00020271485173477019428, 0.44700000000000000844, 1.0592481676692235837
0.44800000000000000933, 3.3744283283393732497e-05, 0.44800000000000000933, 1.0598764278233465674
0.44900000000000001021, 4.6108905467917902067e-05, 0.44900000000000001021, 1.0598304541398197998
0.4500000000000000111, 0.00016439021001714602477, 0.4500000000000000111, 1.0593906649427600186
0.45100000000000001199, 0.00027486090493690804948, 0.45100000000000001199, 1.0589799168672078267
0.45200000000000001288, 0.00031112788000093346934, 0.45200000000000001288, 1.0588450703341569792
0.45300000000000001377, 0.00027812391510417285153, 0.45300000000000001377, 1.0589677844627933823
0.45400000000000001465, 0.00022239981625160086596, 0.45400000000000001465, 1.0591749757580251057
0.45500000000000001554, 0.00018739125306254687873, 0.45500000000000001554, 1.059305143310317554
0.45600000000000001643, 0.00018733082016692578602, 0.45600000000000001643, 1.0593053680096877756
0.45700000000000001732, 0.00020921520632083997863, 0.45700000000000001732, 1.0592239982898368211
0.45800000000000001821, 0.00023112537431674881443, 0.45800000000000001821, 1.0591425327088890285
0.4590000000000000191, 0.00023930456563112131158, 0.4590000000000000191, 1.0591121211405143399
0.46000000000000001998, 0.00023374336713261642355, 0.46000000000000001998, 1.059132798584271562
0.46100000000000002087, 0.00022305619524249395251, 0.46100000000000002087, 1.0591725352337979515
0.46200000000000002176, 0.00021585913253922592672, 0.46200000000000002176, 1.0591992950876862878
0.46300000000000002265, 0.00021536382974471390047, 0.46300000000000002265, 1.0592011367043232539
0.46400000000000002354, 0.00021937911765674308721, 0.46400000000000002354, 1.059186207208461461
0.46500000000000002442, 0.00022370158667305882548, 0.46500000000000002442, 1.0591701355631135684
0.46600000000000002531, 0.00022550349162550641698, 0.46600000000000002531, 1.0591634357863801696
0.4670000000000000262, 0.00022459350774112793285, 0.4670000000000000262, 1.059166819254996561
0.46800000000000002709, 0.00022255305613438390653, 0.46800000000000002709, 1.0591744059871279759
0.46900000000000002798, 0.00022108272052804886867, 0.46900000000000002798, 1.0591798729349113373
0.47000000000000002887, 0.00022089088788976966329, 0.47000000000000002887, 1.0591805861999727956
0.47100000000000002975, 0.00022161953607739457253, 0.47100000000000002975, 1.059177876967075882
0.47200000000000003064, 0.14972353338442445647, 0.47200000000000003064, 0.50330535847535973204
0.47300000000000003153, 0.00022246674799641406937, 0.47300000000000003153, 1.0591747268948727978
0.47400000000000003242, -0.046636756035528109665, 0.47400000000000003242, 1.2334049659115098319
0.47500000000000003331, -0.093450449836570387285, 0.47500000000000003331, 1.4074659207397020033
0.47600000000000003419, -0.064029496030562585429, 0.47600000000000003419, 1.2980740121841793933
0.47700000000000003508, -0.0052764789867297649806, 0.47700000000000003508, 1.079620704715011037
0.47800000000000003597, 0.035004284844845093283, 0.47800000000000003597, 0.9298502498662478688
0.47900000000000003686, 0.14750711763226775908, 0.47900000000000003686, 0.51154635402158277202
0.48000000000000003775, 0.027522747947452255723, 0.48000000000000003775, 0.95766782524231341966
0.48100000000000003864, -0.075726583341616998668, 0.48100000000000003864, 1.3415656920914276196
0.48200000000000003952, -0.092803381026896059058, 0.48200000000000003952, 1.4050600132859956126
0.48300000000000004041, 0.14625328312560867405, 0.48300000000000004041, 0.51620831537744482631
0.4840000000000000413, -0.015977906264990564267, 0.4840000000000000413, 1.1194103581013683524
0.48500000000000004219, -0.078359047997002148622, 0.48500000000000004219, 1.3513536253704205858
0.48600000000000004308, -0.068164913626771975186, 0.48600000000000004308, 1.3134501698202061259
0.48700000000000004396, -0.018870362605560266761, 0.48700000000000004396, 1.1301649829036353179
0.48800000000000004485, 0.024009473907544390259, 0.48800000000000004485, 0.97073075158515731431
0.48900000000000004574, 0.1443694174054786783, 0.48900000000000004574, 0.52321283562332698835
0.49000000000000004663, 0.028501855585613258826, 0.49000000000000004663, 0.95402734322647031462
0.49100000000000004752, -0.069335900524142277113, 0.49100000000000004752, 1.317804090241735393
0.49200000000000004841, -0.087029636006093952227, 0.49200000000000004841, 1.3835922868654635387
0.49300000000000004929, -0.043382245169823037412, 0.49300000000000004929, 1.2213041632875831777
0.49400000000000005018, 0.011335528044230830033, 0.49400000000000005018, 1.017854551039753197
0.49500000000000005107, 0.038664773623321713192, 0.49500000000000005107, 0.91623995509593136877
0.49600000000000005196, 0.031679157497434301538, 0.49600000000000005196, 0.94221361609569864726
0.49700000000000005285, 0.0075648413610206188817, 0.49700000000000005285, 1.0318745796071828735
0.49800000000000005373, -0.012158486289939589298, 0.49800000000000005373, 1.1052091312002678691
0.49900000000000005462, 0.14145288405372216656, 0.49900000000000005462, 0.53405698268321355471
0.5, -0.012870599350949411821, 0.5, 1.1078568837974414052
0.50100000000000000089, -0.097515875038385463336, 0.50100000000000000089, 1.4225818352286965229
0.50200000000000000178, -0.089260252984029314627, 0.50200000000000000178, 1.3918860848871603686
0.50300000000000000266, -0.027946345323907662017, 0.50300000000000000266, 1.1639109680992010265
0.50400000000000000355, 0.13978698283394205837, 0.50400000000000000355, 0.54025107533902350099
0.50500000000000000444, 0.036984415543112082736, 0.50500000000000000444, 0.92248780071857361396
0.50600000000000000533, -0.041705992448551075513, 0.50600000000000000533, 1.2150715820595781036
0.50700000000000000622, -0.064730868715520209489, 0.50700000000000000622, 1.300681830310067566
0.50800000000000000711, -0.038415066103368804284, 0.50800000000000000711, 1.2028353807389524643
0.50900000000000000799, 0.0023216149690711896693, 0.50900000000000000799, 1.0513697511704824805
0.51000000000000000888, 0.026541449003691080372, 0.51000000000000000888, 0.96131645489005901339
0.51100000000000000977, 0.025212404521239708405, 0.51100000000000000977, 0.96625805921224294792
0.51200000000000001066, 0.0087011047509327477112, 0.51200000000000001066, 1.027649766854209723
0.51300000000000001155, -0.0069689302405824757325, 0.51300000000000001155, 1.0859135147311951286
0.51400000000000001243, -0.012280676421524066438, 0.51400000000000001243, 1.1056634540542722434
0.51500000000000001332, -0.007766596553415410463, 0.51500000000000001332, 1.0888793682832789145
0.51600000000000001421, 7.5085792270352164535e-05, 0.51600000000000001421, 1.0597227133448674508
0.5170000000000000151, 0.0050831305499985770038, 0.5170000000000000151, 1.0411019854856808919
0.51800000000000001599, 0.0051729260558190433977, 0.51800000000000001599, 1.0407681111379565309
0.51900000000000001688, 0.0021232377274298334241, 0.51900000000000001688, 1.0521073501354996083
0.52000000000000001776, -0.00098124385516152289044, 0.52000000000000001776, 1.0636503193959248037
