# /motor_sim/effort/header/stamp, /motor_sim/effort/effort/0, /debug/rosBlockPublisherDouble0/header/stamp, /debug/rosBlockPublisherDouble0/data
0.0010000000000000000208, 0, , 
0.0020000000000000000416, 0, , 
0.0030000000000000000625, 0, , 
0.0040000000000000000833, 0, , 
0.0050000000000000001041, 0, , 
0.0060000000000000001249, 0, , 
0.0070000000000000001457, 0, , 
0.0080000000000000001665, 0, , 
0.0090000000000000010547, 0, , 
0.010000000000000000208, 0, , 
0.011000000000000001096, 0.2742474999999999774, , 
0.01200000000000000025, 0.2742474999999999774, , 
0.013000000000000001138, 0.2742474999999999774, , 
0.014000000000000000291, 0.016409679423378051299, , 
0.01500000000000000118, -0.24125908143809549067, , 
0.016000000000000000333, -0.25129259123466696213, , 
0.017000000000000001221, -0.099794091929085088077, , 
0.018000000000000002109, 0.05791980048505800116, , 
0.018999999999999999528, 0.12058495188238282925, , 
0.020000000000000000416, 0.084351748610366886205, , 
0.021000000000000001305, 0.0089229108335039507977, , 
0.022000000000000002193, -0.043825005767697156056, , 
0.023000000000000003081, 0.27124334316396442324, , 
0.0240000000000000005, 0.12634364525166599802, , 
0.025000000000000001388, 0.27062381562434745241, , 
0.026000000000000002276, 0.0019113988151899701309, , 
0.027000000000000003164, -0.43987519841417671573, , 
0.028000000000000000583, -0.44072241327160238678, , 
0.029000000000000001471, -0.16462269491082454076, , 
0.030000000000000002359, 0.11187264946705208213, , 
0.031000000000000003247, 0.21515100079281221368, , 
0.032000000000000000666, 0.14504940594481186, , 
0.033000000000000001554, 0.010239227820018015347, , 
0.034000000000000002442, -0.080559445977232815861, , 
0.035000000000000003331, -0.086803819369647136628, , 
0.036000000000000004219, -0.036125344574289987298, , 
0.037000000000000005107, 0.018442692531999298894, , 
0.037999999999999999056, 0.041214634596467597527, , 
0.038999999999999999944, 0.02976782029994434059, , 
0.040000000000000000833, 0.0040513767784351797929, , 
0.041000000000000001721, -0.014476659100908192621, , 
0.042000000000000002609, -0.016874489679139965947, , 
0.043000000000000003497, -0.0076563055510857937203, , 
0.044000000000000004385, 0.0030604962844575076854, , 
0.045000000000000005274, 0.0079933426687571421804, , 
0.046000000000000006162, 0.0062056242086680046127, , 
0.047000000000000000111, 0.2634321455935013101, , 
0.048000000000000000999, 0.0013264847930395079305, , 
0.049000000000000001887, -0.084931628052476365598, , 
0.050000000000000002776, -0.16804816774898029275, , 
0.051000000000000003664, -0.11458896660129905265, , 
0.052000000000000004552, -0.0090520193976475742809, , 
0.05300000000000000544, 0.26132601448709669167, , 
0.054000000000000006328, 0.26111461757419091034, , 
0.055000000000000000278, 0.082665552861592772604, , 
0.056000000000000001166, -0.25852560229648302581, , 
0.057000000000000002054, 0.26000681850958268226, , 
0.058000000000000002942, -0.31008504733960168265, , 
0.05900000000000000383, -0.14773370107126054807, , 
0.060000000000000004718, -0.31051907566475411837, , 
0.061000000000000005607, -0.11584599447078143541, , 
0.062000000000000006495, 0.074358836518989238074, , 
0.063000000000000000444, 0.24443260108176517731, , 
0.064000000000000001332, 0.19783318992306939132, , 
0.06500000000000000222, 0.044640983011346072051, , 
0.066000000000000003109, 0.25728940136607331146, , 
0.067000000000000003997, -0.079263703592414178067, , 
0.068000000000000004885, -0.1070745022946932995, , 
0.069000000000000005773, -0.24319877345411075598, , 
0.070000000000000006661, -0.15085642355143283333, , 
0.07100000000000000755, 0.25509422153860594751, , 
0.072000000000000008438, 0.0018086453245291693806, , 
0.073000000000000009326, 0.096511223568996634681, , 
0.074000000000000010214, -0.063798703149732946538, , 
0.075000000000000011102, -0.12461722294995483673, , 
0.075999999999999998113, -0.084427193162078029154, , 
0.076999999999999999001, -0.0061310592750763422479, , 
0.077999999999999999889, 0.046932310855822396978, , 
0.079000000000000000777, 0.050887389249090732302, , 
0.080000000000000001665, 0.021576203871728330541, , 
0.081000000000000002554, -0.010199930631059447167, , 
0.082000000000000003442, -0.023585878972588375513, , 
0.08300000000000000433, -0.017045456521786090526, , 
0.084000000000000005218, -0.0021168793561599933209, , 
0.085000000000000006106, 0.0087043052415234252461, , 
0.086000000000000006994, 0.010161757066852395576, , 
0.087000000000000007883, 0.0048349168404621806205, , 
0.088000000000000008771, -0.001402952656748377748, , 
0.089000000000000009659, -0.0042984729694197729849, , 
0.090000000000000010547, -0.0032821817617868379383, , 
0.091000000000000011435, -0.00045125044837322861877, , 
0.092000000000000012323, 0.0017411963072949360014, , 
0.092999999999999999334, 0.0021579124083766290654, , 
0.094000000000000000222, 0.24862507831918126411, , 
0.09500000000000000111, 0.00059069803408590311478, , 
0.096000000000000001998, -0.15574176195214725626, , 
0.097000000000000002887, -0.15590082461342261166, , 
0.098000000000000003775, 0.2472173470077873858, , 
0.099000000000000004663, -0.058058287370832482865, , 
0.10000000000000000555, -0.03759424096847709118, , 
0.10100000000000000644, -0.078437644069268480651, , 
0.10200000000000000733, -0.054697375428221825522, , 
0.10300000000000000822, -0.0053649018158396892531, , 
0.1040000000000000091, 0.029061049269441203979, , 
0.10500000000000000999, 0.032544582528879310857, , 
0.10600000000000001088, 0.014445492964676221598, , 
0.10700000000000001177, -0.0058284557070959674627, , 
0.10800000000000001266, -0.014746500257850856178, , 
0.10900000000000001354, -0.010950849151285311014, , 
0.11000000000000000056, -0.0015665296294563905381, , 
0.11100000000000000144, 0.24342243121426995756, , 
0.11200000000000000233, 0.0059907697962270703429, , 
0.11300000000000000322, -0.14591718509103010493, , 
0.11400000000000000411, -0.17782903651878939622, , 
0.115000000000000005, 0.21367901754812257398, , 
0.11600000000000000588, -0.030328329972393049119, , 
0.11700000000000000677, -0.10835086892525992719, , 
0.11800000000000000766, -0.089164710671484181947, , 
0.11900000000000000855, -0.021077287971215566409, , 
0.12000000000000000944, 0.034949274078163242163, , 
0.12100000000000001033, 0.048265715180657475791, , 
0.12200000000000001121, 0.02645372677216212623, , 
0.1230000000000000121, -0.0036953401236159253047, , 
0.12400000000000001299, -0.020156109212833724781, , 
0.125, -0.017708969441432961117, , 
0.12600000000000000089, -0.0049441217749638883064, , 
0.12700000000000000178, 0.0062803900542233994861, , 
0.12800000000000000266, 0.009497367431046226105, , 
0.12900000000000000355, 0.0056763503440990506141, , 
0.13000000000000000444, -0.0001594458579133927812, , 
0.13100000000000000533, -0.0035970592247667018855, , 
0.13200000000000000622, 0.20929939839230679577, , 
0.13300000000000000711, -0.0021860101221671977487, , 
0.13400000000000000799, -0.13208159735315372352, , 
0.13500000000000000888, -0.13052562732304101578, , 
0.13600000000000000977, -0.047541608762452149117, , 
0.13700000000000001066, 0.034426230062990441361, , 
0.13800000000000001155, 0.064332836046600311297, , 
0.13900000000000001243, 0.042840812175585864241, , 
0.14000000000000001332, 0.0026115244437889539864, , 
0.14100000000000001421, -0.024125088995671135211, , 
0.1420000000000000151, -0.02562966314067407006, , 
0.14300000000000001599, -0.010372875387596278141, , 
0.14400000000000001688, 0.0058195987545764434751, , 
0.14500000000000001776, 0.012439951627966088291, , 
0.14600000000000001865, 0.0089063254271890268665, , 
0.14700000000000001954, 0.0012242738581959844435, , 
0.14800000000000002043, -0.0042388467243167412407, , 
0.14900000000000002132, -0.0048835658574605308319, , 
0.1500000000000000222, 0.2046610428557678607, , 
0.15100000000000002309, -0.00051170045743143541869, , 
0.15199999999999999623, -0.12709772902292518215, , 
0.15299999999999999711, -0.12659382251672351982, , 
0.153999999999999998, -0.046736042834707537674, , 
0.15499999999999999889, 0.032766609292551179822, , 
0.15599999999999999978, 0.062169013964521450955, , 
0.15700000000000000067, 0.041718410871370514847, , 
0.15800000000000000155, 0.0028461052660191995395, , 
0.15900000000000000244, -0.023187038048089098768, , 
0.16000000000000000333, -0.024839151518068810359, , 
0.16100000000000000422, -0.010170821261858396106, , 
0.16200000000000000511, 0.005525973906440489504, , 
0.163000000000000006, 0.012019783140452327749, , 
0.16400000000000000688, 0.0086704063013829536094, , 
0.16500000000000000777, 0.0012518411000344618986, , 
0.16600000000000000866, -0.0040634246967229887063, , 
0.16700000000000000955, -0.0047255358085237560845, , 
0.16800000000000001044, -0.0020552937500676379118, , 
0.16900000000000001132, 0.0010286982024573620553, , 
0.17000000000000001221, 0.0024372541170906533887, , 
0.1710000000000000131, 0.0019118263079817398708, , 
0.17200000000000001399, 0.00050366118759634370683, , 
0.17300000000000001488, -0.00057443338765999639624, , 
0.17400000000000001577, -0.0007692500778472331855, , 
0.17500000000000001665, -0.00028813734855577804051, , 
0.17600000000000001754, 0.00031486412896521430741, , 
0.17700000000000001843, 0.0006159684179788793134, , 
0.17800000000000001932, 0.00053891439354464829633, , 
0.17900000000000002021, 0.00027314096248264865211, , 
0.18000000000000002109, 5.580042598489211677e-05, , 
0.18100000000000002198, 0.19683896859937025092, , 
0.18200000000000002287, -0.24585879951874112237, , 
0.18300000000000002376, 0.061385980934673664566, , 
0.18400000000000002465, 0.031122070848320533554, , 
0.18499999999999999778, 0.19576318467809200596, , 
0.18599999999999999867, -0.0072541945485684140513, , 
0.18699999999999999956, -0.087932843255743020627, , 
0.18800000000000000044, -0.14448443888327608398, , 
0.18900000000000000133, 0.19445176120367155259, , 
0.19000000000000000222, -0.043800207390018330855, , 
0.19100000000000000311, -0.12020874589641362962, , 
0.192000000000000004, -0.092571624858560158655, , 
0.19300000000000000488, -0.017049174759458683714, , 
0.19400000000000000577, 0.19290455730028063797, , 
0.19500000000000000666, 0.041111029631240539328, , 
0.19600000000000000755, -0.008517169177149794615, , 
0.19700000000000000844, -0.094550696957810764776, , 
0.19800000000000000933, -0.089044390093940356534, , 
0.19900000000000001021, -0.029608175968000423339, , 
0.2000000000000000111, 0.02634704140631628777, , 
0.20100000000000001199, 0.045015435775953599462, , 
0.20200000000000001288, 0.028597494752175729033, , 
0.20300000000000001377, 0.00048479594734597840659, , 
0.20400000000000001465, -0.017322021484377711498, , 
0.20500000000000001554, -0.017496824876763721751, , 
0.20600000000000001643, -0.0065088221389812944001, , 
0.20700000000000001732, 0.0045833594354719392819, , 
0.20800000000000001821, 0.0087819386064652942003, , 
0.2090000000000000191, 0.0060249959470065998779, , 
0.21000000000000001998, 0.00063740552034745041714, , 
0.21100000000000002087, -0.0030192683729789947765, , 
0.21200000000000002176, -0.0032967784227877325494, , 
0.21300000000000002265, -0.0012818609182571104408, , 
0.21400000000000002354, 0.00090603021387904430096, , 
0.21500000000000002442, 0.0018297350244876385648, , 
0.21600000000000002531, 0.0013814413106705003553, , 
0.2170000000000000262, 0.00035431541042393877028, , 
0.21800000000000002709, -0.00039128096986809629684, , 
0.21900000000000000022, 0.18664218814522223755, , 
0.22000000000000000111, -0.00030957846104824875578, , 
0.221000000000000002, -0.11700797064533810521, , 
0.22200000000000000289, -0.11663582384837174744, , 
0.22300000000000000377, -0.043108089491747714206, , 
0.22400000000000000466, 0.030150223908243962978, , 
0.22500000000000000555, 0.057279531661696414524, , 
0.22600000000000000644, 0.18473056333954962493, , 
0.22700000000000000733, 0.020568550095789211313, , 
0.22800000000000000822, 0.18427979086250262375, , 
0.2290000000000000091, -0.11937770376428405439, , 
0.23000000000000000999, -0.24107538918413293216, , 
0.23100000000000001088, -0.1660009934913755647, , 
0.23200000000000001177, -0.014673754515046507838, , 
0.23300000000000001266, 0.089516569240706320154, , 
0.23400000000000001354, 0.098791793040743591803, , 
0.23500000000000001443, 0.042747713130771837486, , 
0.23600000000000001532, -0.01908326138839046282, , 
0.23700000000000001621, -0.045750981570966062217, , 
0.2380000000000000171, -0.033645052280222478847, , 
0.23900000000000001799, -0.0048276380192319220258, , 
0.24000000000000001887, 0.18079557699650547486, , 
0.24100000000000001976, 0.18056600886598295208, , 
0.24200000000000002065, 0.18033957956841595305, , 
0.24300000000000002154, 0.095060874077480858602, , 
0.24400000000000002243, -0.036800529910689605551, , 
0.24500000000000002331, -0.37886986769859526403, , 
0.2460000000000000242, -0.35549366354038897109, , 
0.24700000000000002509, -0.11769295072539504021, , 
0.24800000000000002598, 0.10533696606860987188, , 
0.24900000000000002687, 0.17918498144515668247, , 
0.25, 0.11318388057051285978, , 
0.25100000000000000089, 0.0009214430397488981633, , 
0.25200000000000000178, 0.17680661914058012907, , 
0.25300000000000000266, -0.070122468957705685888, , 
0.25400000000000000355, -0.18101510202196863242, , 
0.25500000000000000444, -0.13684732076296926562, , 
0.25600000000000000533, 0.17536469262540263503, , 
0.25700000000000000622, 0.019774341025609567385, , 
0.25800000000000000711, -0.047109124808094191006, , 
0.25900000000000000799, 0.17461926781678790976, , 
0.26000000000000000888, -0.044520875058257948498, , 
0.26100000000000000977, -0.13901022677150845497, , 
0.26200000000000001066, -0.11091219791814124762, , 
0.26300000000000001155, -0.023594584740201349909, , 
0.26400000000000001243, 0.046066055560427157656, , 
0.26500000000000001332, 0.060954868888789558168, , 
0.26600000000000001421, 0.0321675600395486469, , 
0.2670000000000000151, -0.005939085603906662722, , 
0.26800000000000001599, -0.025980839106075622608, , 
0.26900000000000001688, -0.022124484105269723311, , 
0.27000000000000001776, -0.0057062695761122047416, , 
0.27100000000000001865, 0.17138468939990750273, , 
0.27200000000000001954, 0.010133186755103855067, , 
0.27300000000000002043, -0.09534290168589218406, , 
0.27400000000000002132, -0.10152783214784900923, , 
0.2750000000000000222, -0.041588977901727199049, , 
0.27600000000000002309, 0.02219762563053914381, , 
0.27700000000000002398, 0.048378463755183911954, , 
0.27800000000000002487, 0.034559941412278388784, , 
0.27900000000000002576, 0.0043359893352394596189, , 
0.28000000000000002665, -0.017210564632926715622, , 
0.28100000000000002753, -0.019799765772505348305, , 
0.28200000000000002842, -0.0088806114995685341701, , 
0.28300000000000002931, 0.0036562909763982690686, , 
0.2840000000000000302, 0.0093420406998513776109, , 
0.28500000000000003109, 0.0071658723094625443456, , 
0.28600000000000003197, 0.0014264945652570026023, , 
0.28700000000000003286, -0.0029458689567762705482, , 
0.28800000000000003375, -0.0037181887196066128881, , 
0.28900000000000003464, -0.0017491868313100509755, , 
0.29000000000000003553, 0.00070299714851912995569, , 
0.29100000000000003642, 0.0019196484725010507996, , 
0.2920000000000000373, 0.0015984776503366658704, , 
0.29300000000000003819, 0.00051477013780886762221, , 
0.29400000000000003908, -0.00036707070181963278492, , 
0.29500000000000003997, -0.00056912577302708480462, , 
0.29600000000000004086, -0.00021827519414732704647, , 
0.29700000000000004174, 0.0002590657866250178909, , 
0.29800000000000004263, 0.00051623000015401092778, , 
0.29900000000000004352, 0.00047403147483848214827, , 
0.30000000000000004441, 0.00027064156566220518626, , 
0.3010000000000000453, 9.3803743730286337239e-05, , 
0.30200000000000004619, 4.4552469530251291097e-05, , 
0.30299999999999999156, 0.00010618008515105859782, , 
0.30399999999999999245, 0.00019865075244813180087, , 
0.30499999999999999334, 0.00025244165315993494225, , 
0.30599999999999999423, 0.00024823693475834460783, , 
0.30699999999999999512, 0.00021031263944554790522, , 
0.307999999999999996, 0.00017504158375795665333, , 
0.30899999999999999689, 0.0001635605616493396254, , 
0.30999999999999999778, 0.00017419461955291981061, , 
0.31099999999999999867, 0.00019201941401762457869, , 
0.31199999999999999956, 0.00020316792919345406086, , 
0.31300000000000000044, 0.00020313572422582805671, , 
0.31400000000000000133, 0.00019611351558498912873, , 
0.31500000000000000222, 0.00018911369794720190836, , 
0.31600000000000000311, 0.0001865181489258904647, , 
0.317000000000000004, 0.000188310667262187037, , 
0.31800000000000000488, 0.00019172815277676558132, , 
0.31900000000000000577, 0.15944574321308860321, , 
0.32000000000000000666, 0.00019409209125473281254, , 
0.32100000000000000755, -0.099638695329601484341, , 
0.32200000000000000844, -0.099590965904766778904, , 
0.32300000000000000933, -0.036960181308197843919, , 
0.32400000000000001021, 0.025609905653626634237, , 
0.3250000000000000111, 0.15775982272866648226, , 
0.32600000000000001199, 0.040908349430985230244, , 
0.32700000000000001288, 0.15734972985028988779, , 
0.32800000000000001377, -0.065862707074959406239, , 
0.32900000000000001465, -0.14059145370054138002, , 
0.33000000000000001554, 0.15626481986995593987, , 
0.33100000000000001643, -0.10416317783306545952, , 
0.33200000000000001732, -0.15780883070453050054, , 
0.33300000000000001821, -0.092313153106242051837, , 
0.3340000000000000191, 0.0067796798358624229403, , 
0.33500000000000001998, 0.15458337726721851912, , 
0.33600000000000002087, 0.15327963494674551326, , 
0.33700000000000002176, -0.036209990728594300402, , 
0.33800000000000002265, -0.13215957258838598176, , 
0.33900000000000002354, -0.10927493141455504877, , 
0.34000000000000002442, -0.026252756837391141159, , 
0.34100000000000002531, 0.042382719061677745498, , 
0.3420000000000000262, 0.058939593026926861974, , 
0.34300000000000002709, 0.032462179237648429442, , 
0.34400000000000002798, -0.0043813792294404678429, , 
0.34500000000000002887, -0.024608691303055936495, , 
0.34600000000000002975, 0.15180414218931984061, , 
0.34700000000000003064, 0.15153645779420274464, , 
0.34800000000000003153, 0.11989146479349228891, , 
0.34900000000000003242, -0.14862370500990362832, , 
0.35000000000000003331, -0.27097681099231463175, , 
0.35100000000000003419, 0.14997824255968117413, , 
0.35200000000000003508, -0.17755419582960255132, , 
0.35300000000000003597, -0.054423955636981900807, , 
0.35400000000000003686, 0.1489539760867197582, , 
0.35500000000000003775, 0.02722050243843322781, , 
0.35600000000000003864, -0.048940718733793887874, , 
0.35700000000000003952, -0.065860250012625812244, , 
0.35800000000000004041, -0.035027593210289205417, , 
0.3590000000000000413, 0.14762881458654347755, , 
0.36000000000000004219, 0.017434058146460720828, , 
0.36100000000000004308, 0.14717177312559781566, , 
0.36200000000000004396, -0.069355950815798692033, , 
0.36300000000000004485, -0.16684634908600096126, , 
0.36400000000000004574, -0.12316619464598650702, , 
0.36500000000000004663, 0.14575922952575709468, , 
0.36600000000000004752, -0.018392817912181100293, , 
0.36700000000000004841, 0.013305887807881482815, , 
0.36800000000000004929, -0.020668800006574360173, , 
0.36900000000000005018, -0.028879464567983289397, , 
0.36999999999999999556, -0.015788073814957389457, , 
0.37099999999999999645, 0.14422638341335547452, , 
0.37199999999999999734, 0.0074521595536385983743, , 
0.37299999999999999822, -0.077837927446999466419, , 
0.37399999999999999911, -0.082350919493127491822, , 
0.375, -0.033395127490637666057, , 
0.37600000000000000089, 0.01836570628573547595, , 
0.37700000000000000178, 0.039411736734802430004, , 
0.37800000000000000266, 0.027999635066626536034, , 
0.37900000000000000355, 0.0033998245972983007386, , 
0.38000000000000000444, -0.014033887260608588626, , 
0.38100000000000000533, -0.016037924530895118075, , 
0.38200000000000000622, -0.0071121486000484939599, , 
0.38300000000000000711, 0.0030655282637397527831, , 
0.38400000000000000799, 0.0076428191803938607882, , 
0.38500000000000000888, 0.0058376861067527202956, , 
0.38600000000000000977, 0.0011640310229793892748, , 
0.38700000000000001066, -0.002375727907395558218, , 
0.38800000000000001155, -0.0029839315290440203941, , 
0.38900000000000001243, 0.13968486091031515062, , 
0.39000000000000001332, -0.00037705050111145883666, , 
0.39100000000000001421, 0.13919219723207434947, , 
0.3920000000000000151, -0.086627065230522881656, , 
0.39300000000000001599, -0.17352122781984494204, , 
0.39400000000000001688, -0.11901093524647793354, , 
0.39500000000000001776, -0.01005529764289558696, , 
0.39600000000000001865, 0.064675440022519833927, , 
0.39700000000000001954, 0.071067430907415338193, , 
0.39800000000000002043, 0.030609137327363974274, , 
0.39900000000000002132, -0.013836274920808964636, , 
0.4000000000000000222, -0.032897382962438381782, , 
0.40100000000000002309, -0.024087224625165590264, , 
0.40200000000000002398, -0.0033323874848018514641, , 
0.40300000000000002487, 0.011889343754149732379, , 
0.40400000000000002576, 0.014092818448241943574, , 
0.40500000000000002665, 0.0067530235140617449197, , 
0.40600000000000002753, -0.0019644772116415073343, , 
0.40700000000000002842, -0.0060765303003133923354, , 
0.40800000000000002931, -0.0047217444949136924345, , 
0.4090000000000000302, -0.00078986563308974236039, , 
0.41000000000000003109, 0.0022907925920617687975, , 
0.41100000000000003197, 0.0029051227549971854296, , 
0.41200000000000003286, 0.0015879494960131244116, , 
0.41300000000000003375, -0.00011368830278806748646, , 
0.41400000000000003464, -0.00098878254102168763526, , 
0.41500000000000003553, -0.00079672668837738589744, , 
0.41600000000000003642, -5.6188141499441373445e-05, , 
0.4170000000000000373, 0.00056358942701046352893, , 
0.41800000000000003819, 0.00071883303141239687437, , 
0.41900000000000003908, 0.00048547352821725616801, , 
0.42000000000000003997, 0.00015490855361598998021, , 
0.42100000000000004086, -2.9206946990828461149e-05, , 
0.42200000000000004174, -6.0088753012277115249e-06, , 
0.42300000000000004263, 0.00013259475849795588883, , 
0.42400000000000004352, 0.00025658668539098593601, , 
0.42500000000000004441, 0.00029362875272924139321, , 
0.4260000000000000453, 0.000252923471188742921, , 
0.42700000000000004619, 0.00018901610437104809383, , 
0.42800000000000004707, 0.0001506562454646587332, , 
0.42900000000000004796, 0.00015237623997867434894, , 
0.43000000000000004885, 0.00017814119108063299307, , 
0.43100000000000004974, 0.12899786739380930678, , 
0.43200000000000005063, 0.12875211541924724834, , 
0.43300000000000005151, 0.055210515514947579307, , 
0.4340000000000000524, -0.16108669365982575261, , 
0.43500000000000005329, -0.19549754739935276682, , 
0.43600000000000005418, -0.094299335448864207709, , 
0.43699999999999999956, 0.02842060550869079591, , 
0.43800000000000000044, 0.087641196183620137528, , 
0.43900000000000000133, 0.069902104732712189161, , 
0.44000000000000000222, 0.015047578634374773887, , 
0.44100000000000000311, -0.028659717423497706873, , 
0.442000000000000004, -0.037958376078499340978, , 
0.44300000000000000488, -0.019853276516107905975, , 
0.44400000000000000577, 0.0040720584903588263881, , 
0.44500000000000000666, 0.016635924814419281864, , 
0.44600000000000000755, 0.12491278965834083647, , 
0.44700000000000000844, 0.0090376069626814711094, , 
0.44800000000000000933, -0.074306968069507817187, , 
0.44900000000000001021, -0.079815673699797182183, , 
0.4500000000000000111, -0.033074706360150953055, , 
0.45100000000000001199, 0.22076486158671401738, , 
0.45200000000000001288, 0.12477039835545296331, , 
0.45300000000000001377, 0.22032799087017498896, , 
0.45400000000000001465, -0.042121199966122735425, , 
0.45500000000000001554, -0.219055373982236401, , 
0.45600000000000001643, -0.1923747830612543841, , 
0.45700000000000001732, 0.2184594952866994455, , 
0.45800000000000001821, 0.20460270670124908188, , 
0.4590000000000000191, -0.070812406824591139776, , 
0.46000000000000001998, -0.19887065107125803665, , 
0.46100000000000002087, -0.1542140833930017163, , 
0.46200000000000002176, 0.21633077799451916334, , 
0.46300000000000002265, 0.21595826978508436689, , 
0.46400000000000002354, -0.00018564195102578907848, , 
0.46500000000000002442, 0.21527148698793241444, , 
0.46600000000000002531, -0.20291095783516147066, , 
0.4670000000000000262, 0.21417925355901215601, , 
0.46800000000000002709, -0.068020119806171536192, , 
0.46900000000000002798, 0.21294557592971874449, , 
0.47000000000000002887, -0.34385906312606734359, , 
0.47100000000000002975, -0.36746922129877762631, , 
0.47200000000000003064, 0.21083716115412032277, , 
0.47300000000000003153, -0.21811761808876176105, , 
0.47400000000000003242, -0.05348750134540591894, , 
0.47500000000000003331, 0.017468804791404200089, , 
0.47600000000000003419, 0.051158411402236585175, , 
0.47700000000000003508, 0.04035043728877082958, , 
0.47800000000000003597, 0.0084284668830412450696, , 
0.47900000000000003686, -0.01670252146063761281, , 
0.48000000000000003775, -0.021809947150754519646, , 
0.48100000000000003864, -0.01116077646146200128, , 
0.48200000000000003952, 0.0026848965713185454079, , 
0.48300000000000004041, 0.0098480217526071035794, , 
0.4840000000000000413, 0.20647386524745775516, , 
0.48500000000000004219, 0.20613898755392559559, , 
0.48600000000000004308, 0.18648756314011979973, , 
0.48700000000000004396, -0.25594256984483837458, , 
0.48800000000000004485, -0.37255380104547808351, , 
0.48900000000000004574, -0.21175785571721991718, , 
0.49000000000000004663, 0.022060281720754578577, , 
0.49100000000000004752, 0.1549639834567531349, , 
0.49200000000000004841, 0.14122665780946658254, , 
0.49300000000000004929, 0.044181531274949531474, , 
0.49400000000000005018, -0.044204239436841819, , 
0.49500000000000005107, -0.071711015762909197102, , 
0.49600000000000005196, -0.043797100446830314335, , 
0.49700000000000005285, 0.0013465150489552709951, , 
0.49800000000000005373, 0.028969297161011483416, , 
0.49900000000000005462, 0.028278916296011553239, , 
0.5, 0.010272730969282337435, , 
0.50100000000000000089, -0.0072918197843119423804, , 
0.50200000000000000178, -0.013560039726119004627, , 
0.50300000000000000266, -0.0088143330116462852153, , 
0.50400000000000000355, -0.00014154506757370634274, , 
0.50500000000000000444, 0.0055519949154453846277, , 
0.50600000000000000533, 0.19821411386703827184, , 
0.50700000000000000622, 0.17284818379848995717, , 
0.50800000000000000711, -0.12159891025081583094, , 
0.50900000000000000799, -0.22972603726804036173, , 
0.51000000000000000888, -0.1532174283836736095, , 
0.51100000000000000977, -0.0089637898946312404014, , 
0.51200000000000001066, 0.087257346792147180703, , 
0.51300000000000001155, 0.093001607824331603003, , 
0.51400000000000001243, 0.03842402728818911789, , 
0.51500000000000001332, -0.019727679623093380412, , 
0.51600000000000001421, -0.043637265061015548251, , 
0.5170000000000000151, -0.031081020721105724613, , 
0.51800000000000001599, -0.0035425328975534128156, , 
0.51900000000000001688, 0.016111173833719603238, , 
0.52000000000000001776, 0.018491919748169011878, , 
0.52100000000000001865, 0.0085509979333233936821, , 
0.52200000000000001954, -0.0028774787374890196598, , 
0.52300000000000002043, -0.0080685847220084809528, , 
0.52400000000000002132, -0.0060928691051808031923, , 
0.5250000000000000222, -0.00086393090495954789464, , 
0.52600000000000002309, 0.003123901153633550868, , 
0.52700000000000002398, 0.0038318601714280304919, , 
0.52800000000000002487, 0.0020395815682807956308, , 
0.52900000000000002576, -0.00019562228145748050971, , 
0.53000000000000002665, -0.0013061872686171483761, , 
0.53100000000000002753, -0.0010150056428410881171, , 
0.53200000000000002842, 0.18893797882573590274, , 
0.53300000000000002931, 0.17199109110008090062, , 
0.5340000000000000302, -0.11749728245544578675, , 
0.53500000000000003109, -0.22508917602738437447, , 
0.53600000000000003197, -0.15115410997001971216, , 
0.53700000000000003286, -0.0098082774316207536891, , 
0.53800000000000003375, 0.085119781116395717979, , 
0.53900000000000003464, 0.091394442496992051028, , 
0.54000000000000003553, 0.038157605346459150253, , 
0.54100000000000003642, -0.018986514255928427231, , 
0.5420000000000000373, -0.042729491481923620455, , 
0.54300000000000003819, -0.030638355955203033787, , 
0.54400000000000003908, -0.0036691915192167798461, , 
0.54500000000000003997, 0.015707038572103579344, , 
0.54600000000000004086, 0.018167341142660848458, , 
0.54700000000000004174, 0.0084798811983654957813, , 
0.54800000000000004263, -0.0027451305541867643267, , 
0.54900000000000004352, -0.0078917615118572811278, , 
0.55000000000000004441, -0.0059991405675397123029, , 
0.5510000000000000453, -0.0008811366232448659009, , 
0.55200000000000004619, 0.0030479060405455278386, , 
0.55300000000000004707, 0.0037666469477442283791, , 
0.55400000000000004796, 0.0020219988051874355009, , 
0.55500000000000004885, -0.00017235690036076513863, , 
0.55600000000000004974, -0.0012719523197790739023, , 
0.55700000000000005063, -0.00099541332526477681493, , 
0.55800000000000005151, -2.9698503264591468185e-05, , 
0.5590000000000000524, 0.00076218367804046767509, , 
0.56000000000000005329, 0.00094828881878926104057, , 
0.56100000000000005418, 0.00063788669125835453701, , 
0.56200000000000005507, 0.00021097022762071578148, , 
0.56300000000000005596, -2.1153333531448569336e-05, , 
0.56400000000000005684, 1.4460655014651546178e-05, , 
0.56500000000000005773, 0.00019556902376474655627, , 
0.56600000000000005862, 0.00035426122125444253069, , 
0.56700000000000005951, 0.00039934089739175875761, , 
0.5680000000000000604, 0.00034491612096363962001, , 
0.56900000000000006128, 0.00026225710281984601418, , 
0.57000000000000006217, 0.00021375497064475820004, , 
0.57100000000000006306, 0.00021709239079593085453, , 
0.57200000000000006395, 0.00025083165081654629604, , 
0.57300000000000006484, 0.17451838576323716601, , 
0.57400000000000006573, 0.17174933943926753988, , 
0.57500000000000006661, -0.10894127446542664628, , 
0.5760000000000000675, -0.21638589105080471842, , 
0.57700000000000006839, -0.14781874296740782349, , 
0.57800000000000006928, -0.011930517885540375261, , 
0.57900000000000007017, 0.080907648375168894628, , 
0.58000000000000007105, 0.088514705079353717121, , 
0.58100000000000007194, 0.037919718275669575536, , 
0.58200000000000007283, -0.017419100600396725254, , 
0.58300000000000007372, -0.041013784868521654947, , 
0.58400000000000007461, -0.029906134047935007542, , 
0.5850000000000000755, -0.0040129326721572485676, , 
0.58600000000000007638, 0.014904389058472508611, , 
0.58700000000000007727, 0.01758050754066677393, , 
0.58800000000000007816, 0.0083964375097531004921, , 
0.58900000000000007905, -0.0024607221737495688085, , 
0.59000000000000007994, -0.0075552463656970818284, , 
0.59100000000000008082, -0.0058411429297201937494, , 
0.59200000000000008171, -0.00093423332976613759904, , 
0.5930000000000000826, 0.0028957276716582041644, , 
0.59400000000000008349, 0.0036477662807010975514, , 
0.59500000000000008438, 0.0019985117442026740023, , 
0.59600000000000008527, -0.00012137081467186739954, , 
0.59700000000000008615, -0.0012063298804788125974, , 
0.59800000000000008704, -0.00096184731716803537407, , 
0.59900000000000008793, -3.7348335053283405712e-05, , 
0.60000000000000008882, 0.00073343382576121474679, , 
0.60100000000000008971, 0.00092428671887019846903, , 
0.60200000000000009059, 0.00063185722757628777577, , 
0.60300000000000009148, 0.00021992835877838163672, , 
0.60400000000000009237, -8.4815830341423924899e-06, , 
0.60499999999999998224, 2.1448850437782860301e-05, , 
0.60599999999999998312, 0.00019454852671814667282, , 
0.60699999999999998401, 0.00034879892799793407515, , 
0.6079999999999999849, 0.00039445953092805390722, , 
0.60899999999999998579, 0.00034339992411130379263, , 
0.60999999999999998668, 0.00026374030975938030173, , 
0.61099999999999998757, 0.0002161266127409354346, , 
0.61199999999999998845, 0.00021847182755328471791, , 
0.61299999999999998934, 0.00025066248772607753557, , 
0.61399999999999999023, 0.16011249659792814448, , 
0.61499999999999999112, 0.17174881472181111053, , 
0.61599999999999999201, -0.099911637810908476842, , 
0.61699999999999999289, -0.20736042781935873358, , 
0.61799999999999999378, -0.14445826147430332331, , 
0.61899999999999999467, 0.157945310726252508, , 
0.61999999999999999556, 0.03113668935099431212, , 
0.62099999999999999645, -0.022379433765352733238, , 
0.62199999999999999734, -0.04171960002929022554, , 
0.62299999999999999822, -0.027502131996635183209, , 
0.62399999999999999911, -0.0011677093493058510187, , 
0.625, 0.016241137720730387806, , 
0.62600000000000000089, 0.017132930551307688077, , 
0.62700000000000000178, 0.15520254324508628296, , 
0.62800000000000000266, -0.33955967955184129803, , 
0.62900000000000000355, 0.15451977780890946423, , 
0.63000000000000000444, 0.15407598334872510404, , 
0.63100000000000000533, 0.20366035137487800699, , 
0.63200000000000000622, 0.15351780172772477862, , 
0.63300000000000000711, -0.080688396689127833694, , 
0.63400000000000000799, -0.25613479827076102158, , 
0.63500000000000000888, -0.25321923452635791696, , 
0.63600000000000000977, -0.092361592154723129444, , 
0.63700000000000001066, 0.066589358219251326698, , 
0.63800000000000001155, 0.12462392442537605086, , 
0.63900000000000001243, 0.082986935328167352188, , 
0.64000000000000001332, 0.0049897612410886357098, , 
0.64100000000000001421, 0.14976960107740230899, , 
0.6420000000000000151, 0.14670041974681541364, , 
0.64300000000000001599, 0.14898651693233005977, , 
0.64400000000000001688, 0.053990286362479336657, , 
0.64500000000000001776, -0.32833826588907916166, , 
0.64600000000000001865, -0.36185449135557279376, , 
0.64700000000000001954, -0.15568072998800447371, , 
0.64800000000000002043, 0.071402460762442554465, , 
0.64900000000000002132, 0.16912809028550554458, , 
0.6500000000000000222, 0.12445197179215608529, , 
0.65100000000000002309, 0.018535664047434181889, , 
0.65200000000000002398, -0.059322047166062853718, , 
0.65300000000000002487, -0.070744787304891032509, , 
0.65400000000000002576, -0.033354558780245471827, , 
0.65500000000000002665, 0.011177970302472337721, , 
0.65600000000000002753, 0.032249463957389833124, , 
0.65700000000000002842, 0.025394091588732844306, , 
0.65800000000000002931, 0.0053328106194093834874, , 
0.6590000000000000302, -0.010421121802505045259, , 
0.66000000000000003109, -0.013591317067226486859, , 
0.66100000000000003197, -0.0068841466758953360691, , 
0.66200000000000003286, 0.0018070546415752727215, , 
0.66300000000000003375, 0.0062893987992917836649, , 
0.66400000000000003464, 0.0053212070450478869688, , 
0.66500000000000003553, 0.0015436024747038697841, , 
0.66600000000000003642, -0.0016252076250236669776, , 
0.6670000000000000373, -0.0024243606658222727201, , 
0.66800000000000003819, -0.0012366618167522769323, , 
0.66900000000000003908, 0.13911159807437123437, , 
0.67000000000000003997, 0.00092277995007892773052, , 
0.67100000000000004086, -0.085644982547075809709, , 
0.67200000000000004174, -0.086013665838429315125, , 
0.67300000000000004263, -0.032114666925394039221, , 
0.67400000000000004352, 0.021988966311777442819, , 
0.67500000000000004441, 0.042277858660157319193, , 
0.6760000000000000453, 0.028640344594704564979, , 
0.67700000000000004619, 0.0022908521437414114744, , 
0.67800000000000004707, -0.015496618551468548108, , 
0.67900000000000004796, -0.016757405189206823343, , 
0.68000000000000004885, -0.0068669823010020607235, , 
0.68100000000000004974, 0.0038089389546315738713, , 
0.68200000000000005063, 0.0082795135082271813232, , 
0.68300000000000005151, 0.0060553787100289298978, , 
0.6840000000000000524, 0.0010298265606654864388, , 
0.68500000000000005329, -0.0025989933999882087502, , 
0.68600000000000005418, -0.0030756180738570281473, , 
0.68700000000000005507, -0.0012771788421155950456, , 
0.68800000000000005596, 0.00081916114276013281617, , 
0.68900000000000005684, 0.0017870657183478798856, , 
0.69000000000000005773, 0.0014403417900218870324, , 
0.69100000000000005862, 0.00048702795041466999003, , 
0.69200000000000005951, -0.00024846467864116382517, , 
0.6930000000000000604, -0.00038598469180352600093, , 
0.69400000000000006128, -6.2373534329579613175e-05, , 
0.69500000000000006217, 0.00034728568364784088594, , 
0.69600000000000006306, 0.00055387723346458895245, , 
0.69700000000000006395, 0.00050355920348297818299, , 
0.69800000000000006484, 0.00032375672245204531246, , 
0.69900000000000006573, 0.00017558464900531685978, , 
0.70000000000000006661, 0.00014019851906506549462, , 
0.7010000000000000675, 0.00019771446190815485729, , 
0.70200000000000006839, 0.00027738368001413698377, , 
0.70300000000000006928, 0.00032095692907170830094, , 
0.70400000000000007017, 0.00031456453096246321131, , 
0.70500000000000007105, 0.00028085884896634198292, , 
0.70600000000000007194, 0.00025117572386633131663, , 
0.70700000000000007283, 0.00024263530369646443071, , 
0.70800000000000007372, 0.00025270554164345522628, , 
0.70900000000000007461, 0.00026812337553996907049, , 
0.7100000000000000755, 0.00027721954788238452414, , 
0.71100000000000007638, 0.00027664487198591477873, , 
0.71200000000000007727, 0.00027036701949765802686, , 
0.71300000000000007816, 0.00026445124721748407975, , 
0.71400000000000007905, 0.00026247258006442658997, , 
0.71500000000000007994, 0.0002642021040421936454, , 
0.71600000000000008082, 0.00026716991008817733482, , 
0.71700000000000008171, 0.00026905080379176476296, , 
0.7180000000000000826, 0.12217132585961193447, , 
0.71900000000000008349, 0.00026906906893569545796, , 
0.72000000000000008438, 0.0002679069843573965307, , 
0.72100000000000008527, -0.07615122269795181198, , 
0.72200000000000008615, -0.076114838117509422966, , 
0.72300000000000008704, -0.052106437515066050814, , 
0.72400000000000008793, 0.019761115132360024954, , 
0.72500000000000008882, 0.052583459871137751274, , 
0.72600000000000008971, 0.040337408960564563598, , 
0.72700000000000009059, 0.0075217372984706810241, , 
0.72800000000000009148, 0.11860353005483255384, , 
0.72900000000000009237, -0.019870486651803968142, , 
0.73000000000000009326, 0.11787737756827904034, , 
0.73100000000000009415, -0.08997583890253087191, , 
0.73200000000000009504, -0.15732626930708559776, , 
0.73300000000000009592, -0.1006773876437718207, , 
0.73400000000000009681, -0.0018357739016779449446, , 
0.7350000000000000977, 0.061445281583542503412, , 
0.73600000000000009859, 0.062733498759876660245, , 
0.73700000000000009948, 0.024351514153066595308, , 
0.73800000000000010036, -0.014819159679924413797, , 
0.73900000000000010125, 0.11448244578481336919, , 
0.73999999999999999112, -0.025173659094925585761, , 
0.74099999999999999201, -0.092026576839809998143, , 
0.74199999999999999289, -0.076032909119877672977, , 
0.74299999999999999378, 0.11289121595416397315, , 
0.74399999999999999467, 0.0057815558380629062524, , 
0.74499999999999999556, -0.040914600172187974569, , 
0.74599999999999999645, -0.044351229105519647533, , 
0.74699999999999999734, -0.018513333833822469277, , 
0.74799999999999999822, 0.0094662129118782099846, , 
0.74899999999999999911, 0.021234773632344092209, , 
0.75, 0.015457758445856548124, , 
0.75100000000000000089, 0.002306118137088325297, , 
0.75200000000000000178, -0.0072175695276700474814, , 
0.75300000000000000266, -0.0084920905909755695778, , 
0.75400000000000000355, -0.0037957868823252191755, , 
0.75500000000000000444, 0.0016971779036337782814, , 
0.75600000000000000533, 0.10836798166063393856, , 
0.75700000000000000622, 0.00424342763555801087, , 
0.75800000000000000711, -0.03053883277240290392, , 
0.75900000000000000799, -0.06688353608815950091, , 
0.76000000000000000888, -0.047538933208267984687, , 
0.76100000000000000977, -0.0054201088550218379236, , 
0.76200000000000001066, 0.024551291172915830352, , 
0.76300000000000001155, 0.028104552793024435708, , 
0.76400000000000001243, 0.10549831463553949185, , 
0.76500000000000001332, 0.10516797650409244469, , 
0.76600000000000001421, 0.20528579755084447322, , 
0.7670000000000000151, -0.13627944718586770811, , 
0.76800000000000001599, -0.26473416810757166573, , 
0.76900000000000001688, 0.10331899646267260484, , 
0.77000000000000001776, 0.10279678488510499146, , 
0.77100000000000001865, 0.10279678488510499146, , 
0.77200000000000001954, 0.10202019066286417692, , 
0.77300000000000002043, 0.10202019066286417692, , 
0.77400000000000002132, 0.10098632680466636258, , 
0.7750000000000000222, 0.24658094780131667445, , 
0.77600000000000002309, -0.39614271844489717944, , 
0.77700000000000002398, -0.55035657974946250448, , 
0.77800000000000002487, 0.098064322892562283407, , 
0.77900000000000002576, 0.097419531742189452439, , 
0.78000000000000002665, 0.09712006320664189063, , 
0.78100000000000002753, 0.096759266256389198091, , 
0.78200000000000002842, 0.24673227752576856742, , 
0.78300000000000002931, -0.19958201742904321807, , 
0.7840000000000000302, -0.35398751676896550444, , 
0.78500000000000003109, -0.22853234304426767176, , 
0.78600000000000003197, -0.0063452220462259121755, , 
0.78700000000000003286, 0.13708757502594262623, , 
0.78800000000000003375, 0.14116541881217595233, , 
0.78900000000000003464, 0.055326233568361748993, , 
0.79000000000000003553, -0.033027062002021698173, , 
0.79100000000000003642, -0.067526145023280706448, , 
0.7920000000000000373, -0.046621456264475780173, , 
0.79300000000000003819, -0.0041002929868538982514, , 
0.79400000000000003908, 0.025295263211166992001, , 
0.79500000000000003997, 0.028020746185511775234, , 
0.79600000000000004086, 0.012317431285755884446, , 
0.79700000000000004174, -0.0050867138322528921215, , 
0.79800000000000004263, -0.012638227445321541936, , 
0.79900000000000004352, -0.0092757380225658436768, , 
0.80000000000000004441, -0.0011810172171279719865, , 
0.8010000000000000453, 0.0048018500946102101595, , 
0.80200000000000004619, 0.0057073653763993811155, , 
0.80300000000000004707, 0.002861900718260096052, , 
0.80400000000000004796, -0.00054981492422980231434, , 
0.80500000000000004885, -0.0021760927569551558047, , 
0.80600000000000004974, -0.0016628395139260455406, , 
0.80700000000000005063, -0.00013036021225498197439, , 
0.80800000000000005151, 0.001079617139020721964, , 
0.8090000000000000524, 0.0013283196562179631125, , 
0.81000000000000005329, 0.0008183895051046272736, , 
0.81100000000000005418, 0.00015280255167800501433, , 
0.81200000000000005507, -0.00019279382252907495692, , 
0.81300000000000005596, -0.00012097891514663573743, , 
0.81400000000000005684, 0.00016744674634237410177, , 
0.81500000000000005773, 0.00041071034095304086858, , 
0.81600000000000005862, 0.00047304533789110350585, , 
0.81700000000000005951, 0.00038285181780815509631, , 
0.8180000000000000604, 0.00025362508604541130017, , 
0.81900000000000006128, 0.00018100125085636616725, , 
0.82000000000000006217, 0.00018942159328554905367, , 
0.82100000000000006306, 0.00024336311604258848264, , 
0.82200000000000006395, 0.00029199855512718734694, , 
0.82300000000000006484, 0.00030679424926492433832, , 
0.82400000000000006573, 0.0002910931053403063829, , 
0.82500000000000006661, 0.00026612353971023331887, , 
0.8260000000000000675, 0.0002510079362214865978, , 
0.82700000000000006839, 0.00025155163210433526856, , 
0.82800000000000006928, 0.00026156969150157845325, , 
0.82900000000000007017, 0.00027124097377740334245, , 
0.83000000000000007105, 0.00027462637161226860884, , 
0.83100000000000007194, 0.078829325287485554896, , 
0.83200000000000007283, 0.00026954539378152826776, , 
0.83300000000000007372, -0.048981943019368444359, , 
0.83400000000000007461, -0.048959353486100629094, , 
0.8350000000000000755, -0.018062055785440928046, , 
0.83600000000000007638, 0.012805896184207217828, , 
0.83700000000000007727, 0.024289809568387728256, , 
0.83800000000000007816, 0.016417606406069415459, , 
0.83900000000000007905, 0.0013502476128010084538, , 
0.84000000000000007994, -0.0087747873874692572382, , 
0.84100000000000008082, -0.009449436422109040723, , 
0.84200000000000008171, -0.0037765833412147283704, , 
0.8430000000000000826, 0.0023164038845281008025, , 
0.84400000000000008349, 0.0048502030532816152106, , 
0.84500000000000008438, 0.0035631901980736121333, , 
0.84600000000000008527, 0.00068842348660698698265, , 
0.84700000000000008615, -0.0013781299233187106236, , 
0.84800000000000008704, -0.0016415377682583887509, , 
0.84900000000000008793, -0.00060933823703860918574, , 
0.85000000000000008882, 0.00058747782620754398965, , 
0.85100000000000008971, -0.056472360119422561342, , 
0.85200000000000009059, -0.056673727193827683202, , 
0.85300000000000009148, -0.021105381516888888777, , 
0.85400000000000009237, 0.014571716789853710397, , 
0.85500000000000009326, 0.027934228487717930461, , 
0.85600000000000009415, 0.01892494485867914078, , 
0.85700000000000009504, 0.0015434098296600974945, , 
0.85800000000000009592, -0.010181851186303485235, , 
0.85900000000000009681, -0.011005229723469161368, , 
0.8600000000000000977, -0.0044778838876618426781, , 
0.86100000000000009859, 0.0025624117716441519033, , 
0.86200000000000009948, 0.0055073899046797544082, , 
0.86300000000000010036, 0.010765951335110310327, , 
0.86400000000000010125, 0.0023798520292698413341, , 
0.86500000000000010214, -0.0058879626236452197244, , 
0.86600000000000010303, -0.0072378053330828294801, , 
0.86700000000000010392, -0.0034040655628247810938, , 
0.86800000000000010481, 0.0012739772715571308706, , 
0.86900000000000010569, 0.0035464288715014668195, , 
0.87000000000000010658, 0.0028851956535166090045, , 
0.87100000000000010747, 0.00079973432511172863266, , 
0.87200000000000010836, -0.00087018950646978131518, , 
0.87300000000000010925, 0.0079058487920071092436, , 
0.87399999999999999911, -0.00088933855205677826358, , 
0.875, 0.0073328766028515146927, , 
0.87600000000000000089, -0.0050136831777332791643, , 
0.87700000000000000178, -0.0091194441579413743765, , 
0.87800000000000000266, -0.0058328557071663893197, , 
0.87900000000000000355, 2.5932189734273822782e-05, , 
0.88000000000000000444, 0.0038215462567292080888, , 
0.88100000000000000533, 0.0039425425256384314873, , 
0.88200000000000000622, 0.0016840875633199416019, , 
0.88300000000000000711, -0.00064910814174763925392, , 
0.88400000000000000799, -0.0015653797076280945647, , 
0.88500000000000000888, -0.0010185701613006743153, , 
0.88600000000000000977, 0.00010236131802434134965, , 
0.88700000000000001066, 0.00087995763783256823395, , 
0.88800000000000001155, 0.00095448253021341330875, , 
0.88900000000000001243, 0.00054151118232085876814, , 
0.89000000000000001332, 8.202395848364054374e-05, , 
0.89100000000000001421, -0.00011835509162204068453, , 
0.8920000000000000151, -3.0593491978386432256e-05, , 
0.89300000000000001599, 0.0001827376477570422683, , 
0.89400000000000001688, 0.0018903937483576475301, , 
0.89500000000000001776, 0.0016051379396040390754, , 
0.89600000000000001865, 0.19017091643325070849, , 
0.89700000000000001954, -0.0015475367519303391377, , 
0.89800000000000002043, -0.12062180750393347584, , 
0.89900000000000002132, 0.00034026615405192240727, , 
0.9000000000000000222, -0.11945328637925613224, , 
0.90100000000000002309, -0.043666557865443968167, , 
0.90200000000000002398, 0.031350424004380518517, , 
0.90300000000000002487, 0.058847781766598224185, , 
0.90400000000000002576, 0.03930504465176572898, , 
0.90500000000000002665, 0.002534394665686251491, , 
0.90600000000000002753, -0.021967248477473454854, , 
0.90700000000000002842, -0.023406099586448580324, , 
0.90800000000000002931, -0.0094846777416136389405, , 
0.9090000000000000302, 0.0053318869489039797879, , 
0.91000000000000003109, 0.01141412080985406037, , 
0.91100000000000003197, 0.0082051701887569210292, , 
0.91200000000000003286, 0.0011849710104338609645, , 
0.91300000000000003375, -0.0038201544000275025267, , 
0.91400000000000003464, -0.0044220046357719196978, , 
0.91500000000000003553, -0.0018859514907361202198, , 
0.91600000000000003642, 0.0010261417721703694744, , 
0.9170000000000000373, 0.0023470044010389604777, , 
0.91800000000000003819, 0.0018416868073036719768, , 
0.91900000000000003908, 0.00050859573898324767372, , 
0.92000000000000003997, -0.00050706780202647804261, , 
0.92100000000000004086, -0.0006865459767234900583, , 
0.92200000000000004174, -0.00022923844459433147312, , 
0.92300000000000004263, -0.0066233541584655337975, , 
0.92400000000000004352, 0.00034035471711474948701, , 
0.92500000000000004441, 0.0027684075153467215327, , 
0.9260000000000000453, -0.0074742672567949478696, , 
0.92700000000000004619, 0.0048371450039306155416, , 
0.92800000000000004707, 0.0056498900439531487064, , 
0.92900000000000004796, -0.0083149205997803312534, , 
0.93000000000000004885, 0.0034615798890439142266, , 
0.93100000000000004974, -0.0088791909520537261324, , 
0.93200000000000005063, 0.0060924410691261367615, , 
0.93300000000000005151, 0.010778021077987259488, , 
0.9340000000000000524, 0.0070925914128056651714, , 
0.93500000000000005329, 0.0004716804861549520533, , 
0.93600000000000005418, -0.0038356581715659524533, , 
0.93700000000000005507, -0.010566079971264534867, , 
0.93800000000000005596, -0.0027175980952666872227, , 
0.93900000000000005684, -0.011142708679506549418, , 
0.94000000000000005773, 0.0062386657788554445575, , 
0.94100000000000005862, -0.011701424860000288197, , 
0.94200000000000005951, 0.012389993632930400985, , 
0.9430000000000000604, 0.017969885820078204675, , 
0.94400000000000006128, 0.01033311057987650744, , 
0.94500000000000006217, -0.00079782928745002993243, , 
0.94600000000000006306, -0.0071359642788420482584, , 
0.94700000000000006395, -0.0064932316570478088719, , 
0.94800000000000006484, -0.0018775715426462774929, , 
0.94900000000000006573, 0.0023329036941587000253, , 
0.95000000000000006661, 0.0036478481185159006284, , 
0.9510000000000000675, 0.0023226867959180667184, , 
0.95200000000000006839, 0.00017386500539408634449, , 
0.95300000000000006928, -0.0011431854051313688949, , 
0.95400000000000007017, -0.0011125377622839545226, , 
0.95500000000000007105, -0.00025627452626296139734, , 
0.95600000000000007194, 0.00058035482352999966712, , 
0.95700000000000007283, 0.00087979881088870481084, , 
0.95800000000000007372, 0.00065462953768764017663, , 
0.95900000000000007461, 0.00024185511142302306472, , 
0.9600000000000000755, -2.9563189088982120661e-05, , 
0.96100000000000007638, -4.2089099113656521249e-05, , 
0.96200000000000007727, 0.0001155369421721844813, , 
0.96300000000000007816, 0.00028093708597056208731, , 
0.96400000000000007905, 0.00034744281791385144605, , 
0.96500000000000007994, 0.00031022932437782568035, , 
0.96600000000000008082, 0.00023134242118829118919, , 
0.96700000000000008171, 0.00017582200390386416855, , 
0.9680000000000000826, 0.00016978077607693908596, , 
0.96900000000000008349, 0.00019854645959677707828, , 
0.97000000000000008438, 0.00023108448070292031168, , 
0.97100000000000008527, 0.00024557326247140497718, , 
0.97200000000000008615, -0.020507589322408405208, , 
0.97300000000000008704, 0.14291070803720062887, , 
0.97400000000000008793, 0.01321939322344651245, , 
0.97500000000000008882, -0.076235764275484091401, , 
0.97600000000000008971, -0.08434618979388665283, , 
0.97700000000000009059, -0.036375072392721405357, , 
0.97800000000000009148, 0.01665672749570918168, , 
0.97900000000000009237, 0.039590374650761588071, , 
0.98000000000000009326, 0.029268222432179673981, , 
0.98100000000000009415, 0.0045745196697853651724, , 
0.98200000000000009504, -0.013636304587079187481, , 
0.98300000000000009592, -0.023755973415342225563, , 
0.98400000000000009681, 0.13896697730753426736, , 
0.9850000000000000977, -0.024351187942459297936, , 
0.98600000000000009859, 0.10299442663653783636, , 
0.98700000000000009948, -0.06416447128397748112, , 
0.98800000000000010036, -0.025344378439497900618, , 
0.98900000000000010125, 0.098731718847501009906, , 
0.99000000000000010214, -0.072063089133975230527, , 
0.99100000000000010303, -0.13378144903931576959, , 
0.99200000000000010392, -0.088401812715248925811, , 
0.99300000000000010481, -0.0043545304606387221641, , 
0.99400000000000010569, 0.051203908633131650641, , 
0.99500000000000010658, 0.054047556398786472664, , 
0.99600000000000010747, 0.02206138130926337676, , 
0.99700000000000010836, -0.011691694341958141362, , 
0.99800000000000010925, -0.025376716546980027794, , 
0.99900000000000011013, -0.017895917594199586137, , 
1, -0.0018399422178344388649, , 
1.0009999999999998899, 0.0095185851538892533169, , 
1.0020000000000000018, 0.010806374342299638822, , 
1.0029999999999998916, -0.0300527893581004589, , 
1.0040000000000000036, 0.14196608698909443658, , 
1.0049999999999998934, 0.017314745394828408992, , 
1.0060000000000000053, -0.071550283134401149177, , 
1.0069999999999998952, -0.082230322081680143342, , 
1.0080000000000000071, -0.037197494471837781738, , 
1.008999999999999897, 0.01450829612848941047, , 
1.0100000000000000089, 0.037958538201277591817, , 
